-1             	-0.0531530333340698
-0.999         	-0.0525148057921798
-0.998         	-0.0519121839162686
-0.997         	-0.0513442627869488
-0.996         	-0.0508101530028094
-0.995         	-0.0503089804928434
-0.994         	-0.0498398863301326
-0.993         	-0.0494020265475684
-0.992         	-0.0489945719548329
-0.991         	-0.048616707957334
-0.99          	-0.0482676343766129
-0.989         	-0.0479465652723454
-0.988         	-0.0476527287660362
-0.987         	-0.0473853668661347
-0.986         	-0.0471437352949345
-0.985         	-0.0469271033169208
-0.984         	-0.046734753568658
-0.983         	-0.0465659818902705
-0.982         	-0.0464200971584774
-0.981         	-0.0462964211211089
-0.98          	-0.0461942882331179
-0.979         	-0.0461130454941718
-0.978         	-0.0460520522877085
-0.977         	-0.0460106802214003
-0.976         	-0.0459883129692037
-0.975         	-0.0459843461149201
-0.974         	-0.045998186996867
-0.973         	-0.0460292545545533
-0.972         	-0.0460769791762385
-0.971         	-0.0461408025482977
-0.97          	-0.046220177505809
-0.969         	-0.0463145678846448
-0.968         	-0.0464234483748359
-0.967         	-0.046546304375529
-0.966         	-0.0466826318510691
-0.965         	-0.046831937188637
-0.964         	-0.0469937370571701
-0.963         	-0.0471675582676602
-0.962         	-0.0473529376347277
-0.961         	-0.0475494218396209
-0.96          	-0.0477565672944579
-0.959         	-0.0479739400078182
-0.958         	-0.0482011154516023
-0.957         	-0.0484376784292135
-0.956         	-0.0486832229450336
-0.955         	-0.0489373520751317
-0.954         	-0.0491996778392849
-0.953         	-0.0494698210742009
-0.952         	-0.0497474113080616
-0.951         	-0.050032086636208
-0.95          	-0.0503234935981166
-0.949         	-0.0506212870556879
-0.948         	-0.0509251300724963
-0.947         	-0.0512346937945127
-0.946         	-0.0515496573318263
-0.945         	-0.0518697076416939
-0.944         	-0.0521945394126792
-0.943         	-0.0525238549499826
-0.942         	-0.0528573640618732
-0.941         	-0.0531947839475585
-0.94          	-0.0535358390856644
-0.939         	-0.0538802611243712
-0.938         	-0.0542277887724098
-0.937         	-0.0545781676912712
-0.936         	-0.0549311503883467
-0.935         	-0.0552864961115722
-0.934         	-0.0556439707446165
-0.933         	-0.0560033467037112
-0.932         	-0.0563644028350249
-0.931         	-0.0567269243137336
-0.93          	-0.0570907025433555
-0.929         	-0.0574555350570207
-0.928         	-0.0578212254190915
-0.927         	-0.0581875831280761
-0.926         	-0.058554423520688
-0.925         	-0.0589215676768373
-0.924         	-0.0592888423254354
-0.923         	-0.0596560797516259
-0.922         	-0.0600231177045958
-0.921         	-0.0603897993066431
-0.92          	-0.0607559729631753
-0.919         	-0.0611214922736101
-0.918         	-0.0614862159433167
-0.917         	-0.0618500076965591
-0.916         	-0.0622127361901591
-0.915         	-0.0625742749285619
-0.914         	-0.0629345021792689
-0.913         	-0.0632933008897608
-0.912         	-0.0636505586048762
-0.911         	-0.0640061673855027
-0.91          	-0.0643600237278629
-0.909         	-0.0647120284839084
-0.908         	-0.0650620867824978
-0.907         	-0.0654101079515652
-0.906         	-0.0657560054411033
-0.905         	-0.0660996967470092
-0.904         	-0.0664411033358245
-0.903         	-0.0667801505704595
-0.902         	-0.0671167676364754
-0.901         	-0.0674508874695171
-0.9           	-0.0677824466834994
-0.899         	-0.0681113854995098
-0.898         	-0.0684376476756412
-0.897         	-0.0687611804377445
-0.896         	-0.069081934410747
-0.895         	-0.0693998635510436
-0.894         	-0.0697149250794787
-0.893         	-0.070027079415332
-0.892         	-0.0703362901107909
-0.891         	-0.0706425237866637
-0.89          	-0.0709457500682971
-0.889         	-0.0712459415228795
-0.888         	-0.0715430735969441
-0.887         	-0.0718371245550421
-0.886         	-0.0721280754189389
-0.885         	-0.0724159099076607
-0.884         	-0.0727006143782195
-0.883         	-0.0729821777671705
-0.882         	-0.0732605915327464
-0.881         	-0.0735358495978357
-0.88          	-0.0738079482936284
-0.879         	-0.07407688630401
-0.878         	-0.0743426646105899
-0.877         	-0.0746052864384674
-0.876         	-0.0748647572027019
-0.875         	-0.0751210844554428
-0.874         	-0.0753742778338223
-0.873         	-0.0756243490083169
-0.872         	-0.0758713116320206
-0.871         	-0.0761151812904485
-0.87          	-0.0763559754519999
-0.869         	-0.0765937134191291
-0.868         	-0.0768284162800965
-0.867         	-0.0770601068614056
-0.866         	-0.0772888096808766
-0.865         	-0.0775145509012999
-0.864         	-0.0777373582847714
-0.863         	-0.0779572611476399
-0.862         	-0.0781742903160062
-0.861         	-0.0783884780819002
-0.86          	-0.0785998581600151
-0.859         	-0.0788084656451099
-0.858         	-0.0790143369698754
-0.857         	-0.0792175098635193
-0.856         	-0.0794180233108207
-0.855         	-0.0796159175119121
-0.854         	-0.0798112338424064
-0.853         	-0.0800040148142959
-0.852         	-0.080194304037347
-0.851         	-0.0803821461810056
-0.85          	-0.0805675869368606
-0.849         	-0.0807506729817273
-0.848         	-0.0809314519412112
-0.847         	-0.0811099723538022
-0.846         	-0.0812862836354985
-0.845         	-0.0814604360449955
-0.844         	-0.0816324806494049
-0.843         	-0.0818024692903841
-0.842         	-0.0819704545509307
-0.841         	-0.0821364897225069
-0.84          	-0.0823006287728623
-0.839         	-0.0824629263141901
-0.838         	-0.082623437571843
-0.837         	-0.0827822183535854
-0.836         	-0.0829393250191732
-0.835         	-0.0830948144506755
-0.834         	-0.0832487440229374
-0.833         	-0.0834011715747826
-0.832         	-0.0835521553805853
-0.831         	-0.0837017541222546
-0.83          	-0.0838500268617629
-0.829         	-0.0839970330140743
-0.828         	-0.0841428323205019
-0.827         	-0.0842874848226094
-0.826         	-0.0844310508363606
-0.825         	-0.0845735909269615
-0.824         	-0.0847151658838738
-0.823         	-0.0848558366964639
-0.822         	-0.0849956645298983
-0.821         	-0.0851347107016219
-0.82          	-0.0852730366581224
-0.819         	-0.0854107039521408
-0.818         	-0.0855477742203278
-0.817         	-0.0856843091612658
-0.816         	-0.0858203705138797
-0.815         	-0.0859560200362425
-0.814         	-0.086091319484809
-0.813         	-0.0862263305939952
-0.812         	-0.0863611150561116
-0.811         	-0.0864957345017709
-0.81          	-0.0866302504806034
-0.809         	-0.086764724442277
-0.808         	-0.086899217718041
-0.807         	-0.0870337915024886
-0.806         	-0.0871685068357578
-0.805         	-0.0873034245860298
-0.804         	-0.0874386054324723
-0.803         	-0.0875741098483842
-0.802         	-0.0877099980848278
-0.801         	-0.0878463301545303
-0.8           	-0.0879831658160942
-0.799         	-0.0881205645586075
-0.798         	-0.0882585855865239
-0.797         	-0.0883972878049149
-0.796         	-0.0885367298050183
-0.795         	-0.0886769698501033
-0.794         	-0.0888180658616441
-0.793         	-0.0889600754058416
-0.792         	-0.0891030556803952
-0.791         	-0.0892470635016419
-0.79          	-0.0893921552919234
-0.789         	-0.0895383870673372
-0.788         	-0.089685814425689
-0.787         	-0.0898344925348395
-0.786         	-0.0899844761212038
-0.785         	-0.0901358194587118
-0.784         	-0.090288576357822
-0.783         	-0.0904428001550906
-0.782         	-0.0905985437027303
-0.781         	-0.0907558593586737
-0.78          	-0.0909147989767444
-0.779         	-0.0910754138971665
-0.778         	-0.0912377549373857
-0.777         	-0.0914018723829826
-0.776         	-0.0915678159790434
-0.775         	-0.0917356349216253
-0.774         	-0.0919053778495616
-0.773         	-0.0920770928364884
-0.772         	-0.0922508273830904
-0.771         	-0.0924266284096496
-0.77          	-0.0926045422487066
-0.769         	-0.0927846146381563
-0.768         	-0.0929668907143776
-0.767         	-0.0931514150057046
-0.766         	-0.093338231426081
-0.765         	-0.0935273832689641
-0.764         	-0.093718913201445
-0.763         	-0.0939128632585605
-0.762         	-0.0941092748378293
-0.761         	-0.0943081886940506
-0.76          	-0.0945096449342303
-0.759         	-0.0947136830127667
-0.758         	-0.0949203417268427
-0.757         	-0.095129659211985
-0.756         	-0.0953416729378537
-0.755         	-0.0955564197042219
-0.754         	-0.0957739356371188
-0.753         	-0.0959942561852527
-0.752         	-0.0962174161164703
-0.751         	-0.09644344951456
-0.75          	-0.0966723897761383
-0.749         	-0.096904269607757
-0.748         	-0.0971391210231907
-0.747         	-0.0973769753408801
-0.746         	-0.0976178631815558
-0.745         	-0.0978618144660266
-0.744         	-0.0981088584131994
-0.743         	-0.0983590235381404
-0.742         	-0.0986123376504226
-0.741         	-0.0988688278525855
-0.74          	-0.0991285205387233
-0.739         	-0.099391441393278
-0.738         	-0.0996576153899835
-0.737         	-0.0999270667909213
-0.736         	-0.100199819145795
-0.735         	-0.100475895291264
-0.734         	-0.100755317350503
-0.733         	-0.101038106732885
-0.732         	-0.101324284133745
-0.731         	-0.101613869534392
-0.73          	-0.10190688220215
-0.729         	-0.102203340690613
-0.728         	-0.102503262839995
-0.727         	-0.102806665777627
-0.726         	-0.103113565918539
-0.725         	-0.103423978966257
-0.724         	-0.103737919913621
-0.723         	-0.104055403043823
-0.722         	-0.104376441931485
-0.721         	-0.104701049443912
-0.72          	-0.105029237742422
-0.719         	-0.105361018283827
-0.718         	-0.105696401821977
-0.717         	-0.106035398409511
-0.716         	-0.106378017399567
-0.715         	-0.10672426744776
-0.714         	-0.107074156514142
-0.713         	-0.107427691865342
-0.712         	-0.107784880076748
-0.711         	-0.108145727034868
-0.71          	-0.108510237939682
-0.709         	-0.10887841730722
-0.708         	-0.109250268972089
-0.707         	-0.109625796090205
-0.706         	-0.1100050011416
-0.705         	-0.110387885933255
-0.704         	-0.110774451602083
-0.703         	-0.111164698617979
-0.702         	-0.111558626786939
-0.701         	-0.111956235254289
-0.7           	-0.112357522507976
-0.699         	-0.112762486381937
-0.698         	-0.113171124059554
-0.697         	-0.113583432077201
-0.696         	-0.113999406327808
-0.695         	-0.114419042064579
-0.694         	-0.114842333904704
-0.693         	-0.115269275833204
-0.692         	-0.115699861206795
-0.691         	-0.116134082757861
-0.69          	-0.116571932598434
-0.689         	-0.117013402224331
-0.688         	-0.117458482519244
-0.687         	-0.117907163758986
-0.686         	-0.118359435615712
-0.685         	-0.118815287162271
-0.684         	-0.119274706876584
-0.683         	-0.119737682646071
-0.682         	-0.12020420177212
-0.681         	-0.120674250974667
-0.68          	-0.121147816396735
-0.679         	-0.121624883609122
-0.678         	-0.122105437615069
-0.677         	-0.122589462854983
-0.676         	-0.123076943211246
-0.675         	-0.123567862013024
-0.674         	-0.124062202041125
-0.673         	-0.124559945532941
-0.672         	-0.125061074187381
-0.671         	-0.125565569169855
-0.67          	-0.126073411117323
-0.669         	-0.126584580143345
-0.668         	-0.127099055843194
-0.667         	-0.127616817298981
-0.666         	-0.128137843084854
-0.665         	-0.128662111272161
-0.664         	-0.129189599434712
-0.663         	-0.129720284654032
-0.662         	-0.130254143524666
-0.661         	-0.13079115215948
-0.66          	-0.131331286195029
-0.659         	-0.131874520796912
-0.658         	-0.132420830665183
-0.657         	-0.132970190039777
-0.656         	-0.133522572705933
-0.655         	-0.134077951999673
-0.654         	-0.134636300813285
-0.653         	-0.135197591600836
-0.652         	-0.135761796383679
-0.651         	-0.136328886756006
-0.65          	-0.1368988338904
-0.649         	-0.137471608543409
-0.648         	-0.138047181061128
-0.647         	-0.138625521384809
-0.646         	-0.139206599056464
-0.645         	-0.139790383224502
-0.644         	-0.140376842649337
-0.643         	-0.140965945709082
-0.642         	-0.14155766040514
-0.641         	-0.14215195436792
-0.64          	-0.142748794862492
-0.639         	-0.143348148794228
-0.638         	-0.14394998271454
-0.637         	-0.144554262826519
-0.636         	-0.14516095499065
-0.635         	-0.145770024730495
-0.634         	-0.146381437238391
-0.633         	-0.14699515738114
-0.632         	-0.147611149705714
-0.631         	-0.148229378444955
-0.63          	-0.148849807523249
-0.629         	-0.149472400562246
-0.628         	-0.150097120886533
-0.627         	-0.150723931529337
-0.626         	-0.151352795238189
-0.625         	-0.151983674480629
-0.624         	-0.152616531449859
-0.623         	-0.153251328070427
-0.622         	-0.153888026003878
-0.621         	-0.154526586654404
-0.62          	-0.155166971174516
-0.619         	-0.155809140470645
-0.618         	-0.156453055208804
-0.617         	-0.157098675820181
-0.616         	-0.157745962506754
-0.615         	-0.158394875246899
-0.614         	-0.159045373800956
-0.613         	-0.159697417716811
-0.612         	-0.160350966335459
-0.611         	-0.161005978796532
-0.61          	-0.161662414043844
-0.609         	-0.162320230830909
-0.608         	-0.162979387726431
-0.607         	-0.163639843119788
-0.606         	-0.164301555226515
-0.605         	-0.164964482093739
-0.604         	-0.165628581605614
-0.603         	-0.166293811488751
-0.602         	-0.166960129317597
-0.601         	-0.167627492519823
-0.6           	-0.168295858381681
-0.599         	-0.168965184053331
-0.598         	-0.169635426554182
-0.597         	-0.17030654277816
-0.596         	-0.170978489499003
-0.595         	-0.171651223375511
-0.594         	-0.172324700956766
-0.593         	-0.172998878687356
-0.592         	-0.17367371291254
-0.591         	-0.174349159883429
-0.59          	-0.175025175762105
-0.589         	-0.175701716626752
-0.588         	-0.176378738476721
-0.587         	-0.177056197237613
-0.586         	-0.1777340487663
-0.585         	-0.178412248855941
-0.584         	-0.179090753240971
-0.583         	-0.17976951760205
-0.582         	-0.180448497570999
-0.581         	-0.181127648735689
-0.58          	-0.181806926644936
-0.579         	-0.182486286813335
-0.578         	-0.183165684726077
-0.577         	-0.183845075843744
-0.576         	-0.184524415607056
-0.575         	-0.18520365944162
-0.574         	-0.185882762762621
-0.573         	-0.186561680979483
-0.572         	-0.187240369500527
-0.571         	-0.187918783737569
-0.57          	-0.1885968791105
-0.569         	-0.189274611051835
-0.568         	-0.189951935011225
-0.567         	-0.190628806459953
-0.566         	-0.191305180895369
-0.565         	-0.191981013845321
-0.564         	-0.19265626087254
-0.563         	-0.193330877578993
-0.562         	-0.194004819610212
-0.561         	-0.19467804265957
-0.56          	-0.195350502472546
-0.559         	-0.196022154850949
-0.558         	-0.196692955657097
-0.557         	-0.19736286081798
-0.556         	-0.198031826329369
-0.555         	-0.198699808259917
-0.554         	-0.1993667627552
-0.553         	-0.200032646041732
-0.552         	-0.200697414430951
-0.551         	-0.201361024323169
-0.55          	-0.202023432211478
-0.549         	-0.202684594685628
-0.548         	-0.203344468435861
-0.547         	-0.204003010256734
-0.546         	-0.204660177050872
-0.545         	-0.205315925832705
-0.544         	-0.205970213732169
-0.543         	-0.206622997998365
-0.542         	-0.207274236003191
-0.541         	-0.207923885244914
-0.54          	-0.208571903351739
-0.539         	-0.209218248085323
-0.538         	-0.209862877344243
-0.537         	-0.210505749167455
-0.536         	-0.211146821737681
-0.535         	-0.211786053384792
-0.534         	-0.21242340258914
-0.533         	-0.213058827984838
-0.532         	-0.213692288363034
-0.531         	-0.214323742675126
-0.53          	-0.214953150035939
-0.529         	-0.215580469726884
-0.528         	-0.216205661199052
-0.527         	-0.216828684076298
-0.526         	-0.217449498158264
-0.525         	-0.218068063423386
-0.524         	-0.21868434003184
-0.523         	-0.219298288328481
-0.522         	-0.219909868845709
-0.521         	-0.220519042306322
-0.52          	-0.22112576962633
-0.519         	-0.221730011917719
-0.518         	-0.222331730491195
-0.517         	-0.22293088685886
-0.516         	-0.223527442736895
-0.515         	-0.224121360048153
-0.514         	-0.224712600924776
-0.513         	-0.225301127710711
-0.512         	-0.225886902964234
-0.511         	-0.226469889460414
-0.51          	-0.22705005019355
-0.509         	-0.227627348379565
-0.508         	-0.228201747458363
-0.507         	-0.228773211096151
-0.506         	-0.229341703187729
-0.505         	-0.229907187858721
-0.504         	-0.230469629467795
-0.503         	-0.231028992608835
-0.502         	-0.231585242113072
-0.501         	-0.232138343051184
-0.5           	-0.232688260735346
-0.499         	-0.233234960721272
-0.498         	-0.233778408810187
-0.497         	-0.234318571050781
-0.496         	-0.234855413741117
-0.495         	-0.235388903430522
-0.494         	-0.235919006921406
-0.493         	-0.236445691271079
-0.492         	-0.236968923793511
-0.491         	-0.237488672061068
-0.49          	-0.238004903906198
-0.489         	-0.238517587423094
-0.488         	-0.239026690969312
-0.487         	-0.23953218316736
-0.486         	-0.240034032906246
-0.485         	-0.24053220934299
-0.484         	-0.241026681904102
-0.483         	-0.241517420287031
-0.482         	-0.242004394461561
-0.481         	-0.24248757467119
-0.48          	-0.242966931434467
-0.479         	-0.243442435546291
-0.478         	-0.243914058079173
-0.477         	-0.244381770384477
-0.476         	-0.244845544093609
-0.475         	-0.245305351119181
-0.474         	-0.24576116365614
-0.473         	-0.246212954182862
-0.472         	-0.246660695462206
-0.471         	-0.247104360542546
-0.47          	-0.247543922758756
-0.469         	-0.247979355733172
-0.468         	-0.248410633376512
-0.467         	-0.248837729888769
-0.466         	-0.249260619760063
-0.465         	-0.249679277771474
-0.464         	-0.250093678995821
-0.463         	-0.250503798798428
-0.462         	-0.250909612837851
-0.461         	-0.251311097066559
-0.46          	-0.251708227731603
-0.459         	-0.252100981375245
-0.458         	-0.25248933483555
-0.457         	-0.25287326524695
-0.456         	-0.253252750040776
-0.455         	-0.253627766945761
-0.454         	-0.253998293988509
-0.453         	-0.254364309493931
-0.452         	-0.254725792085649
-0.451         	-0.255082720686386
-0.45          	-0.255435074518294
-0.449         	-0.255782833103278
-0.448         	-0.25612597626328
-0.447         	-0.256464484120534
-0.446         	-0.25679833709779
-0.445         	-0.25712751591851
-0.444         	-0.257452001607024
-0.443         	-0.257771775488686
-0.442         	-0.25808681918996
-0.441         	-0.258397114638511
-0.44          	-0.258702644063248
-0.439         	-0.259003389994346
-0.438         	-0.259299335263242
-0.436999999999999	-0.259590463002592
-0.435999999999999	-0.259876756646204
-0.434999999999999	-0.260158199928963
-0.433999999999999	-0.260434776886695
-0.432999999999999	-0.260706471856027
-0.431999999999999	-0.260973269474208
-0.430999999999999	-0.261235154678914
-0.429999999999999	-0.261492112708018
-0.428999999999999	-0.261744129099332
-0.427999999999999	-0.261991189690333
-0.426999999999999	-0.262233280617847
-0.425999999999999	-0.262470388317727
-0.424999999999999	-0.262702499524483
-0.423999999999999	-0.262929601270905
-0.422999999999999	-0.263151680887655
-0.421999999999999	-0.263368726002824
-0.420999999999999	-0.26358072454148
-0.419999999999999	-0.263787664725181
-0.418999999999999	-0.263989535071467
-0.417999999999999	-0.26418632439333
-0.416999999999999	-0.264378021798649
-0.415999999999999	-0.264564616689614
-0.414999999999999	-0.264746098762131
-0.413999999999999	-0.264922458005175
-0.412999999999999	-0.265093684700159
-0.411999999999999	-0.265259769420244
-0.410999999999999	-0.265420703029654
-0.409999999999999	-0.265576476682953
-0.408999999999999	-0.265727081824303
-0.407999999999999	-0.265872510186703
-0.406999999999999	-0.266012753791202
-0.405999999999999	-0.266147804946097
-0.404999999999999	-0.266277656246097
-0.403999999999999	-0.266402300571481
-0.402999999999999	-0.266521731087227
-0.401999999999999	-0.266635941242121
-0.400999999999999	-0.266744924767843
-0.399999999999999	-0.266848675678037
-0.398999999999999	-0.266947188267369
-0.397999999999999	-0.267040457110541
-0.396999999999999	-0.267128477061307
-0.395999999999999	-0.267211243251467
-0.394999999999999	-0.267288751089834
-0.393999999999999	-0.267360996261187
-0.392999999999999	-0.267427974725205
-0.391999999999999	-0.267489682715379
-0.390999999999999	-0.267546116737913
-0.389999999999999	-0.267597273570603
-0.388999999999999	-0.267643150261697
-0.387999999999999	-0.267683744128736
-0.386999999999999	-0.267719052757388
-0.385999999999999	-0.267749074000249
-0.384999999999999	-0.26777380597564
-0.383999999999999	-0.267793247066385
-0.382999999999999	-0.267807395918567
-0.381999999999999	-0.267816251440276
-0.380999999999999	-0.267819812800332
-0.379999999999999	-0.267818079426997
-0.378999999999999	-0.26781105100668
-0.377999999999999	-0.26779872748261
-0.376999999999999	-0.267781109053506
-0.375999999999999	-0.267758196172226
-0.374999999999999	-0.267729989544411
-0.373999999999999	-0.267696490127099
-0.372999999999999	-0.267657699127342
-0.371999999999999	-0.267613618000799
-0.370999999999999	-0.267564248450312
-0.369999999999999	-0.267509592424485
-0.368999999999999	-0.267449652116226
-0.367999999999999	-0.267384429961302
-0.366999999999999	-0.267313928636864
-0.365999999999999	-0.267238151059953
-0.364999999999999	-0.267157100386027
-0.363999999999999	-0.267070780007433
-0.362999999999999	-0.2669791935519
-0.361999999999999	-0.266882344881006
-0.360999999999999	-0.26678023808863
-0.359999999999999	-0.266672877499411
-0.358999999999999	-0.266560267667174
-0.357999999999999	-0.266442413373357
-0.356999999999999	-0.266319319625434
-0.355999999999999	-0.266190991655307
-0.354999999999999	-0.266057434917714
-0.353999999999999	-0.265918655088604
-0.352999999999999	-0.265774658063518
-0.351999999999999	-0.265625449955955
-0.350999999999999	-0.265471037095727
-0.349999999999999	-0.265311426027308
-0.348999999999999	-0.265146623508174
-0.347999999999999	-0.264976636507136
-0.346999999999999	-0.26480147220266
-0.345999999999999	-0.264621137981182
-0.344999999999999	-0.26443564143542
-0.343999999999999	-0.264244990362666
-0.342999999999999	-0.264049192763083
-0.341999999999999	-0.263848256837992
-0.340999999999999	-0.263642190988146
-0.339999999999999	-0.263431003812001
-0.338999999999999	-0.263214704103986
-0.337999999999999	-0.262993300852757
-0.336999999999999	-0.262766803239452
-0.335999999999999	-0.262535220635936
-0.334999999999999	-0.262298562603044
-0.333999999999999	-0.262056838888816
-0.332999999999999	-0.261810059426726
-0.331999999999999	-0.261558234333908
-0.330999999999999	-0.261301373909381
-0.329999999999999	-0.261039488632258
-0.328999999999999	-0.26077258915996
-0.327999999999999	-0.260500686326424
-0.326999999999999	-0.260223791140309
-0.325999999999999	-0.259941914783191
-0.324999999999999	-0.259655068607761
-0.323999999999999	-0.259363264136018
-0.322999999999999	-0.259066513057455
-0.321999999999999	-0.258764827227253
-0.320999999999999	-0.258458218664456
-0.319999999999999	-0.258146699550155
-0.318999999999999	-0.257830282225672
-0.317999999999999	-0.257508979190728
-0.316999999999999	-0.257182803101624
-0.315999999999999	-0.256851766769406
-0.314999999999999	-0.256515883158044
-0.313999999999999	-0.256175165382602
-0.312999999999999	-0.255829626707393
-0.311999999999999	-0.255479280544166
-0.310999999999999	-0.255124140450256
-0.309999999999999	-0.254764220126758
-0.308999999999999	-0.25439953341669
-0.307999999999999	-0.254030094303158
-0.306999999999999	-0.253655916907523
-0.305999999999999	-0.253277015487561
-0.304999999999999	-0.252893404435635
-0.303999999999999	-0.252505098276852
-0.302999999999999	-0.252112111667242
-0.301999999999999	-0.251714459391909
-0.300999999999999	-0.251312156363212
-0.299999999999999	-0.25090521761893
-0.298999999999999	-0.250493658320429
-0.297999999999999	-0.250077493750841
-0.296999999999999	-0.249656739313231
-0.295999999999999	-0.249231410528778
-0.294999999999999	-0.248801523034949
-0.293999999999999	-0.24836709258368
-0.292999999999999	-0.247928135039562
-0.291999999999999	-0.247484666378016
-0.290999999999999	-0.247036702683491
-0.289999999999999	-0.246584260147652
-0.288999999999999	-0.246127355067566
-0.287999999999999	-0.245666003843909
-0.286999999999999	-0.245200222979158
-0.285999999999999	-0.244730029075801
-0.284999999999999	-0.244255438834539
-0.283999999999999	-0.243776469052498
-0.282999999999999	-0.243293136621447
-0.281999999999999	-0.242805458526017
-0.280999999999999	-0.242313451841919
-0.279999999999999	-0.241817133734181
-0.278999999999999	-0.241316521455371
-0.277999999999999	-0.240811632343842
-0.276999999999999	-0.240302483821974
-0.275999999999999	-0.239789093394412
-0.274999999999999	-0.239271478646334
-0.273999999999999	-0.238749657241698
-0.272999999999999	-0.23822364692151
-0.271999999999999	-0.237693465502088
-0.270999999999999	-0.237159130873347
-0.269999999999999	-0.236620660997069
-0.268999999999999	-0.236078073905203
-0.267999999999999	-0.235531387698144
-0.266999999999999	-0.234980620543042
-0.265999999999999	-0.234425790672108
-0.264999999999999	-0.233866916380924
-0.263999999999999	-0.233304016026764
-0.262999999999999	-0.23273710802692
-0.261999999999999	-0.23216621085704
-0.260999999999999	-0.231591343049459
-0.259999999999999	-0.231012523191557
-0.258999999999999	-0.230429769924113
-0.257999999999999	-0.229843101939664
-0.256999999999999	-0.229252537980877
-0.255999999999999	-0.228658096838933
-0.254999999999999	-0.228059797351905
-0.253999999999999	-0.227457658403161
-0.252999999999999	-0.226851698919761
-0.251999999999999	-0.226241937870872
-0.250999999999999	-0.225628394266183
-0.249999999999999	-0.225011087154338
-0.248999999999999	-0.224390035621371
-0.247999999999999	-0.22376525878915
-0.246999999999999	-0.223136775813833
-0.245999999999999	-0.222504605884331
-0.244999999999999	-0.221868768220779
-0.243999999999999	-0.22122928207302
-0.242999999999999	-0.220586166719095
-0.241999999999999	-0.219939441463741
-0.240999999999999	-0.219289125636904
-0.239999999999999	-0.218635238592257
-0.238999999999999	-0.217977799705729
-0.237999999999999	-0.217316828374044
-0.236999999999999	-0.216652344013271
-0.235999999999999	-0.215984366057379
-0.234999999999999	-0.215312913956811
-0.233999999999999	-0.21463800717706
-0.232999999999999	-0.213959665197259
-0.231999999999999	-0.21327790750878
-0.230999999999999	-0.212592753613845
-0.229999999999999	-0.211904223024148
-0.228999999999999	-0.211212335259486
-0.227999999999999	-0.210517109846395
-0.226999999999999	-0.209818566316815
-0.225999999999999	-0.209116724206742
-0.224999999999999	-0.208411603054909
-0.223999999999999	-0.207703222401471
-0.222999999999999	-0.206991601786701
-0.221999999999999	-0.2062767607497
-0.220999999999999	-0.205558718827113
-0.219999999999999	-0.204837495551862
-0.218999999999999	-0.204113110451889
-0.217999999999999	-0.203385583048909
-0.216999999999999	-0.202654932857173
-0.215999999999999	-0.20192117938225
-0.214999999999999	-0.201184342119809
-0.213999999999999	-0.200444440554427
-0.212999999999999	-0.199701494158393
-0.211999999999999	-0.198955522390538
-0.210999999999999	-0.198206544695072
-0.209999999999999	-0.197454580500425
-0.208999999999999	-0.196699649218115
-0.207999999999999	-0.195941770241614
-0.206999999999999	-0.195180962945239
-0.205999999999999	-0.194417246683042
-0.204999999999999	-0.193650640787725
-0.203999999999999	-0.192881164569557
-0.202999999999999	-0.192108837315309
-0.201999999999999	-0.191333678287201
-0.200999999999999	-0.190555706721864
-0.199999999999999	-0.189774941829303
-0.198999999999999	-0.188991402791889
-0.197999999999999	-0.188205108763349
-0.196999999999999	-0.187416078867782
-0.195999999999999	-0.186624332198675
-0.194999999999999	-0.185829887817943
-0.193999999999999	-0.185032764754969
-0.192999999999999	-0.184232982005672
-0.191999999999999	-0.183430558531577
-0.190999999999999	-0.182625513258899
-0.189999999999999	-0.181817865077648
-0.188999999999999	-0.181007632840734
-0.187999999999999	-0.180194835363096
-0.186999999999999	-0.179379491420838
-0.185999999999999	-0.178561619750383
-0.184999999999999	-0.177741239047635
-0.183999999999999	-0.176918367967154
-0.182999999999999	-0.176093025121353
-0.181999999999999	-0.175265229079693
-0.180999999999999	-0.174434998367909
-0.179999999999999	-0.173602351467229
-0.178999999999999	-0.172767306813629
-0.177999999999999	-0.171929882797078
-0.176999999999999	-0.171090097760816
-0.175999999999999	-0.170247970000633
-0.174999999999999	-0.169403517764165
-0.173999999999999	-0.168556759250204
-0.172999999999999	-0.16770771260802
-0.171999999999999	-0.166856395936699
-0.170999999999999	-0.166002827284489
-0.169999999999999	-0.165147024648164
-0.168999999999999	-0.164289005972401
-0.167999999999999	-0.163428789149167
-0.166999999999999	-0.162566392017123
-0.165999999999999	-0.161701832361038
-0.164999999999999	-0.160835127911222
-0.163999999999999	-0.159966296342962
-0.162999999999999	-0.159095355275984
-0.161999999999999	-0.158222322273918
-0.160999999999999	-0.157347214843782
-0.159999999999999	-0.156470050435477
-0.158999999999999	-0.155590846441297
-0.157999999999999	-0.154709620195448
-0.156999999999999	-0.153826388973591
-0.155999999999999	-0.152941169992378
-0.154999999999999	-0.152053980409028
-0.153999999999999	-0.151164837320892
-0.152999999999999	-0.150273757765045
-0.151999999999999	-0.14938075871789
-0.150999999999999	-0.148485857094768
-0.149999999999999	-0.147589069749588
-0.148999999999999	-0.146690413474471
-0.147999999999999	-0.145789904999399
-0.146999999999999	-0.144887560991885
-0.145999999999999	-0.143983398056655
-0.144999999999999	-0.143077432735336
-0.143999999999999	-0.14216968150617
-0.142999999999999	-0.141260160783728
-0.141999999999999	-0.140348886918641
-0.140999999999999	-0.139435876197352
-0.139999999999999	-0.138521144841868
-0.138999999999999	-0.137604709009533
-0.137999999999999	-0.136686584792815
-0.136999999999999	-0.135766788219097
-0.135999999999999	-0.13484533525049
-0.134999999999999	-0.133922241783657
-0.133999999999999	-0.132997523649644
-0.132999999999999	-0.132071196613728
-0.131999999999999	-0.131143276375281
-0.130999999999999	-0.130213778567637
-0.129999999999999	-0.129282718757984
-0.128999999999999	-0.128350112447257
-0.127999999999999	-0.127415975070049
-0.126999999999999	-0.126480321994534
-0.125999999999999	-0.125543168522402
-0.124999999999999	-0.124604529888807
-0.123999999999999	-0.123664421262327
-0.122999999999999	-0.122722857744933
-0.121999999999999	-0.121779854371974
-0.120999999999999	-0.120835426112176
-0.119999999999999	-0.119889587867645
-0.118999999999999	-0.118942354473892
-0.117999999999999	-0.117993740699861
-0.116999999999999	-0.117043761247975
-0.115999999999999	-0.11609243075419
-0.114999999999999	-0.115139763788068
-0.113999999999999	-0.114185774852845
-0.112999999999999	-0.113230478385535
-0.111999999999999	-0.112273888757022
-0.110999999999999	-0.111316020272179
-0.109999999999999	-0.110356887169994
-0.108999999999999	-0.109396503623702
-0.107999999999999	-0.108434883740939
-0.106999999999999	-0.107472041563897
-0.105999999999999	-0.106507991069499
-0.104999999999999	-0.105542746169573
-0.103999999999999	-0.104576320711055
-0.102999999999999	-0.103608728476184
-0.101999999999999	-0.102639983182721
-0.100999999999999	-0.101670098484176
-0.0999999999999992	-0.10069908797004
-0.0989999999999992	-0.099726965166034
-0.0979999999999992	-0.0987537435343679
-0.0969999999999992	-0.0977794364740081
-0.0959999999999992	-0.0968040573209547
-0.0949999999999992	-0.0958276193485325
-0.0939999999999992	-0.0948501357676894
-0.0929999999999992	-0.0938716197273064
-0.0919999999999992	-0.092892084314518
-0.0909999999999992	-0.0919115425550411
-0.0899999999999992	-0.0909300074135157
-0.0889999999999992	-0.0899474917938544
-0.0879999999999992	-0.0889640085396029
-0.0869999999999992	-0.087979570434308
-0.0859999999999992	-0.0869941902018985
-0.0849999999999992	-0.0860078805070726
-0.0839999999999992	-0.085020653955697
-0.0829999999999992	-0.0840325230952137
-0.0819999999999992	-0.0830435004150583
-0.0809999999999992	-0.0820535983470852
-0.0799999999999992	-0.0810628292660027
-0.0789999999999992	-0.0800712054898187
-0.0779999999999992	-0.0790787392802936
-0.0769999999999992	-0.0780854428434021
-0.0759999999999992	-0.0770913283298046
-0.0749999999999992	-0.076096407835327
-0.0739999999999992	-0.0751006934014498
-0.0729999999999992	-0.0741041970158041
-0.0719999999999992	-0.0731069306126766
-0.0709999999999992	-0.0721089060735249
-0.0699999999999992	-0.0711101352274975
-0.0689999999999992	-0.0701106298519649
-0.0679999999999992	-0.0691104016730575
-0.0669999999999992	-0.0681094623662112
-0.0659999999999992	-0.0671078235567211
-0.0649999999999992	-0.0661054968203039
-0.0639999999999992	-0.0651024936836661
-0.0629999999999992	-0.0640988256250811
-0.0619999999999992	-0.0630945040749731
-0.0609999999999992	-0.062089540416509
-0.0599999999999992	-0.0610839459861965
-0.0589999999999992	-0.0600777320744903
-0.0579999999999992	-0.0590709099264048
-0.0569999999999992	-0.0580634907421341
-0.0559999999999992	-0.0570554856776779
-0.0549999999999992	-0.0560469058454754
-0.0539999999999992	-0.0550377623150447
-0.0529999999999992	-0.0540280661136299
-0.0519999999999992	-0.0530178282268533
-0.0509999999999992	-0.0520070595993736
-0.0499999999999992	-0.0509957711355531
-0.0489999999999992	-0.0499839737001275
-0.0479999999999992	-0.0489716781188835
-0.0469999999999992	-0.047958895179342
-0.0459999999999992	-0.0469456356314469
-0.0449999999999992	-0.0459319101882592
-0.0439999999999992	-0.044917729526658
-0.0429999999999992	-0.0439031042880445
-0.0419999999999991	-0.0428880450790539
-0.0409999999999991	-0.0418725624722704
-0.0399999999999991	-0.0408566670069487
-0.0389999999999991	-0.0398403691897399
-0.0379999999999991	-0.0388236794954217
-0.0369999999999991	-0.0378066083676347
-0.0359999999999991	-0.0367891662196219
-0.0349999999999991	-0.0357713634349736
-0.0339999999999991	-0.0347532103683762
-0.0329999999999991	-0.0337347173463659
-0.0319999999999991	-0.0327158946680862
-0.0309999999999991	-0.0316967526060482
-0.0299999999999991	-0.030677301406898
-0.0289999999999991	-0.0296575512921848
-0.0279999999999991	-0.0286375124591332
-0.0269999999999991	-0.0276171950814215
-0.0259999999999991	-0.0265966093099607
-0.0249999999999991	-0.0255757652736775
-0.0239999999999991	-0.0245546730803017
-0.0229999999999991	-0.0235333428171556
-0.0219999999999991	-0.0225117845519465
-0.0209999999999991	-0.0214900083335629
-0.0199999999999991	-0.0204680241928719
-0.0189999999999991	-0.0194458421435214
-0.0179999999999991	-0.0184234721827422
-0.0169999999999991	-0.0174009242921557
-0.0159999999999991	-0.0163782084385802
-0.0149999999999991	-0.0153553345748428
-0.0139999999999991	-0.0143323126405911
-0.0129999999999991	-0.0133091525631077
-0.0119999999999991	-0.0122858642581261
-0.0109999999999991	-0.0112624576306493
-0.00999999999999912	-0.0102389425757684
-0.00899999999999912	-0.00921532897948388
-0.00799999999999912	-0.0081916267195279
-0.00699999999999912	-0.00716784566618751
-0.00599999999999912	-0.00614399568312902
-0.00499999999999912	-0.00512008662822364
-0.00399999999999912	-0.0040961283543736
-0.00299999999999912	-0.00307213071033988
-0.00199999999999912	-0.00204810354156898
-0.000999999999999119	-0.00102405669102096
8.81239525796218e-16	8.67361737988404e-16
0.00100000000000088	0.00102405669102283
0.00200000000000088	0.00204810354157087
0.00300000000000088	0.00307213071034189
0.00400000000000088	0.00409612835437564
0.00500000000000088	0.00512008662822559
0.00600000000000088	0.00614399568313095
0.00700000000000088	0.00716784566618953
0.00800000000000088	0.00819162671952999
0.00900000000000088	0.0092153289794858
0.0100000000000009	0.0102389425757702
0.0110000000000009	0.0112624576306514
0.0120000000000009	0.0122858642581281
0.0130000000000009	0.0133091525631097
0.0140000000000009	0.0143323126405933
0.0150000000000009	0.0153553345748449
0.0160000000000009	0.0163782084385824
0.0170000000000009	0.0174009242921577
0.0180000000000009	0.0184234721827443
0.0190000000000009	0.0194458421435233
0.0200000000000009	0.0204680241928739
0.0210000000000009	0.021490008333565
0.0220000000000009	0.0225117845519485
0.0230000000000009	0.0235333428171577
0.0240000000000009	0.0245546730803036
0.0250000000000009	0.0255757652736795
0.0260000000000009	0.0265966093099628
0.0270000000000009	0.0276171950814236
0.0280000000000009	0.0286375124591352
0.0290000000000009	0.0296575512921867
0.0300000000000009	0.0306773014069
0.0310000000000009	0.0316967526060503
0.0320000000000009	0.0327158946680882
0.0330000000000009	0.0337347173463679
0.0340000000000009	0.0347532103683782
0.0350000000000009	0.0357713634349756
0.0360000000000009	0.0367891662196238
0.0370000000000009	0.0378066083676367
0.0380000000000009	0.0388236794954237
0.0390000000000009	0.0398403691897418
0.0400000000000009	0.0408566670069508
0.0410000000000009	0.0418725624722723
0.0420000000000009	0.0428880450790558
0.0430000000000009	0.0439031042880465
0.0440000000000009	0.0449177295266599
0.0450000000000009	0.0459319101882611
0.0460000000000009	0.0469456356314486
0.0470000000000009	0.047958895179344
0.0480000000000009	0.0489716781188855
0.0490000000000009	0.0499839737001293
0.0500000000000009	0.050995771135555
0.0510000000000009	0.0520070595993755
0.0520000000000009	0.0530178282268551
0.0530000000000009	0.0540280661136321
0.0540000000000009	0.0550377623150468
0.0550000000000009	0.0560469058454775
0.0560000000000009	0.0570554856776799
0.0570000000000009	0.0580634907421362
0.0580000000000009	0.0590709099264068
0.0590000000000009	0.0600777320744923
0.0600000000000009	0.0610839459861984
0.0610000000000009	0.062089540416511
0.0620000000000009	0.0630945040749751
0.0630000000000009	0.064098825625083
0.0640000000000009	0.0651024936836681
0.0650000000000009	0.0661054968203061
0.0660000000000009	0.067107823556723
0.0670000000000009	0.0681094623662131
0.0680000000000009	0.0691104016730595
0.0690000000000009	0.0701106298519671
0.0700000000000009	0.0711101352274996
0.0710000000000009	0.0721089060735269
0.0720000000000009	0.0731069306126786
0.0730000000000009	0.0741041970158061
0.0740000000000009	0.0751006934014518
0.0750000000000009	0.076096407835329
0.0760000000000009	0.0770913283298064
0.0770000000000009	0.078085442843404
0.0780000000000009	0.0790787392802956
0.0790000000000009	0.0800712054898207
0.0800000000000009	0.0810628292660046
0.0810000000000009	0.082053598347087
0.0820000000000009	0.0830435004150604
0.0830000000000009	0.0840325230952158
0.0840000000000009	0.0850206539556989
0.0850000000000009	0.0860078805070746
0.086000000000001	0.0869941902019005
0.087000000000001	0.0879795704343101
0.088000000000001	0.0889640085396049
0.089000000000001	0.0899474917938565
0.090000000000001	0.0909300074135176
0.091000000000001	0.091911542555043
0.092000000000001	0.09289208431452
0.093000000000001	0.0938716197273084
0.094000000000001	0.0948501357676914
0.095000000000001	0.0958276193485344
0.096000000000001	0.0968040573209567
0.097000000000001	0.0977794364740101
0.098000000000001	0.09875374353437
0.099000000000001	0.0997269651660358
0.100000000000001	0.100699087970042
0.101000000000001	0.101670098484178
0.102000000000001	0.102639983182723
0.103000000000001	0.103608728476185
0.104000000000001	0.104576320711057
0.105000000000001	0.105542746169575
0.106000000000001	0.106507991069501
0.107000000000001	0.107472041563899
0.108000000000001	0.108434883740941
0.109000000000001	0.109396503623704
0.110000000000001	0.110356887169996
0.111000000000001	0.111316020272181
0.112000000000001	0.112273888757024
0.113000000000001	0.113230478385537
0.114000000000001	0.114185774852847
0.115000000000001	0.115139763788069
0.116000000000001	0.116092430754193
0.117000000000001	0.117043761247976
0.118000000000001	0.117993740699863
0.119000000000001	0.118942354473894
0.120000000000001	0.119889587867647
0.121000000000001	0.120835426112178
0.122000000000001	0.121779854371976
0.123000000000001	0.122722857744934
0.124000000000001	0.123664421262329
0.125000000000001	0.124604529888809
0.126000000000001	0.125543168522403
0.127000000000001	0.126480321994535
0.128000000000001	0.127415975070051
0.129000000000001	0.128350112447259
0.130000000000001	0.129282718757986
0.131000000000001	0.130213778567639
0.132000000000001	0.131143276375282
0.133000000000001	0.13207119661373
0.134000000000001	0.132997523649646
0.135000000000001	0.133922241783659
0.136000000000001	0.134845335250492
0.137000000000001	0.135766788219099
0.138000000000001	0.136686584792817
0.139000000000001	0.137604709009535
0.140000000000001	0.13852114484187
0.141000000000001	0.139435876197354
0.142000000000001	0.140348886918643
0.143000000000001	0.141260160783729
0.144000000000001	0.142169681506172
0.145000000000001	0.143077432735338
0.146000000000001	0.143983398056656
0.147000000000001	0.144887560991887
0.148000000000001	0.145789904999401
0.149000000000001	0.146690413474473
0.150000000000001	0.14758906974959
0.151000000000001	0.148485857094769
0.152000000000001	0.149380758717892
0.153000000000001	0.150273757765047
0.154000000000001	0.151164837320893
0.155000000000001	0.15205398040903
0.156000000000001	0.15294116999238
0.157000000000001	0.153826388973592
0.158000000000001	0.15470962019545
0.159000000000001	0.155590846441298
0.160000000000001	0.156470050435478
0.161000000000001	0.157347214843783
0.162000000000001	0.158222322273919
0.163000000000001	0.159095355275986
0.164000000000001	0.159966296342964
0.165000000000001	0.160835127911224
0.166000000000001	0.16170183236104
0.167000000000001	0.162566392017125
0.168000000000001	0.163428789149169
0.169000000000001	0.164289005972403
0.170000000000001	0.165147024648166
0.171000000000001	0.16600282728449
0.172000000000001	0.166856395936701
0.173000000000001	0.167707712608022
0.174000000000001	0.168556759250206
0.175000000000001	0.169403517764167
0.176000000000001	0.170247970000635
0.177000000000001	0.171090097760818
0.178000000000001	0.17192988279708
0.179000000000001	0.17276730681363
0.180000000000001	0.173602351467231
0.181000000000001	0.17443499836791
0.182000000000001	0.175265229079695
0.183000000000001	0.176093025121354
0.184000000000001	0.176918367967156
0.185000000000001	0.177741239047636
0.186000000000001	0.178561619750385
0.187000000000001	0.17937949142084
0.188000000000001	0.180194835363098
0.189000000000001	0.181007632840736
0.190000000000001	0.18181786507765
0.191000000000001	0.182625513258901
0.192000000000001	0.183430558531578
0.193000000000001	0.184232982005673
0.194000000000001	0.18503276475497
0.195000000000001	0.185829887817944
0.196000000000001	0.186624332198677
0.197000000000001	0.187416078867784
0.198000000000001	0.188205108763351
0.199000000000001	0.18899140279189
0.200000000000001	0.189774941829305
0.201000000000001	0.190555706721866
0.202000000000001	0.191333678287203
0.203000000000001	0.19210883731531
0.204000000000001	0.192881164569558
0.205000000000001	0.193650640787727
0.206000000000001	0.194417246683044
0.207000000000001	0.19518096294524
0.208000000000001	0.195941770241616
0.209000000000001	0.196699649218116
0.210000000000001	0.197454580500427
0.211000000000001	0.198206544695073
0.212000000000001	0.19895552239054
0.213000000000001	0.199701494158394
0.214000000000001	0.200444440554428
0.215000000000001	0.201184342119811
0.216000000000001	0.201921179382251
0.217000000000001	0.202654932857174
0.218000000000001	0.20338558304891
0.219000000000001	0.20411311045189
0.220000000000001	0.204837495551863
0.221000000000001	0.205558718827114
0.222000000000001	0.206276760749702
0.223000000000001	0.206991601786703
0.224000000000001	0.207703222401472
0.225000000000001	0.20841160305491
0.226000000000001	0.209116724206743
0.227000000000001	0.209818566316816
0.228000000000001	0.210517109846397
0.229000000000001	0.211212335259487
0.230000000000001	0.21190422302415
0.231000000000001	0.212592753613846
0.232000000000001	0.213277907508781
0.233000000000001	0.21395966519726
0.234000000000001	0.214638007177062
0.235000000000001	0.215312913956813
0.236000000000001	0.215984366057381
0.237000000000001	0.216652344013272
0.238000000000001	0.217316828374046
0.239000000000001	0.217977799705731
0.240000000000001	0.218635238592258
0.241000000000001	0.219289125636905
0.242000000000001	0.219939441463742
0.243000000000001	0.220586166719096
0.244000000000001	0.221229282073022
0.245000000000001	0.22186876822078
0.246000000000001	0.222504605884332
0.247000000000001	0.223136775813835
0.248000000000001	0.223765258789151
0.249000000000001	0.224390035621372
0.250000000000001	0.225011087154339
0.251000000000001	0.225628394266184
0.252000000000001	0.226241937870873
0.253000000000001	0.226851698919763
0.254000000000001	0.227457658403163
0.255000000000001	0.228059797351907
0.256000000000001	0.228658096838934
0.257000000000001	0.229252537980878
0.258000000000001	0.229843101939665
0.259000000000001	0.230429769924114
0.260000000000001	0.231012523191558
0.261000000000001	0.231591343049459
0.262000000000001	0.232166210857041
0.263000000000001	0.232737108026922
0.264000000000001	0.233304016026765
0.265000000000001	0.233866916380925
0.266000000000001	0.234425790672109
0.267000000000001	0.234980620543043
0.268000000000001	0.235531387698144
0.269000000000001	0.236078073905204
0.270000000000001	0.236620660997071
0.271000000000001	0.237159130873347
0.272000000000001	0.237693465502089
0.273000000000001	0.23822364692151
0.274000000000001	0.2387496572417
0.275000000000001	0.239271478646335
0.276000000000001	0.239789093394413
0.277000000000001	0.240302483821974
0.278000000000001	0.240811632343844
0.279000000000001	0.241316521455372
0.280000000000001	0.241817133734182
0.281000000000001	0.242313451841921
0.282000000000001	0.242805458526018
0.283000000000001	0.243293136621448
0.284000000000001	0.243776469052498
0.285000000000001	0.244255438834539
0.286000000000001	0.244730029075802
0.287000000000001	0.245200222979159
0.288000000000001	0.24566600384391
0.289000000000001	0.246127355067567
0.290000000000001	0.246584260147653
0.291000000000001	0.247036702683493
0.292000000000001	0.247484666378017
0.293000000000001	0.247928135039562
0.294000000000001	0.248367092583682
0.295000000000001	0.24880152303495
0.296000000000001	0.249231410528779
0.297000000000001	0.249656739313232
0.298000000000001	0.250077493750841
0.299000000000001	0.25049365832043
0.300000000000001	0.250905217618931
0.301000000000001	0.251312156363213
0.302000000000001	0.25171445939191
0.303000000000001	0.252112111667243
0.304000000000001	0.252505098276854
0.305000000000001	0.252893404435635
0.306000000000001	0.253277015487561
0.307000000000001	0.253655916907523
0.308000000000001	0.254030094303158
0.309000000000001	0.25439953341669
0.310000000000001	0.254764220126758
0.311000000000001	0.255124140450257
0.312000000000001	0.255479280544167
0.313000000000001	0.255829626707394
0.314000000000001	0.256175165382602
0.315000000000001	0.256515883158046
0.316000000000001	0.256851766769407
0.317000000000001	0.257182803101624
0.318000000000001	0.25750897919073
0.319000000000001	0.257830282225673
0.320000000000001	0.258146699550156
0.321000000000001	0.258458218664456
0.322000000000001	0.258764827227253
0.323000000000001	0.259066513057456
0.324000000000001	0.259363264136018
0.325000000000001	0.259655068607762
0.326000000000001	0.259941914783192
0.327000000000001	0.26022379114031
0.328000000000001	0.260500686326425
0.329000000000001	0.26077258915996
0.330000000000001	0.261039488632258
0.331000000000001	0.261301373909382
0.332000000000001	0.261558234333909
0.333000000000001	0.261810059426726
0.334000000000001	0.262056838888816
0.335000000000001	0.262298562603044
0.336000000000001	0.262535220635936
0.337000000000001	0.262766803239452
0.338000000000001	0.262993300852758
0.339000000000001	0.263214704103987
0.340000000000001	0.263431003812002
0.341000000000001	0.263642190988146
0.342000000000001	0.263848256837993
0.343000000000001	0.264049192763084
0.344000000000001	0.264244990362666
0.345000000000001	0.26443564143542
0.346000000000001	0.264621137981183
0.347000000000001	0.26480147220266
0.348000000000001	0.264976636507136
0.349000000000001	0.265146623508174
0.350000000000001	0.265311426027308
0.351000000000001	0.265471037095727
0.352000000000001	0.265625449955956
0.353000000000001	0.265774658063519
0.354000000000001	0.265918655088604
0.355000000000001	0.266057434917714
0.356000000000001	0.266190991655308
0.357000000000001	0.266319319625434
0.358000000000001	0.266442413373358
0.359000000000001	0.266560267667174
0.360000000000001	0.266672877499412
0.361000000000001	0.266780238088631
0.362000000000001	0.266882344881006
0.363000000000001	0.266979193551901
0.364000000000001	0.267070780007434
0.365000000000001	0.267157100386027
0.366000000000001	0.267238151059954
0.367000000000001	0.267313928636863
0.368000000000001	0.267384429961303
0.369000000000001	0.267449652116226
0.370000000000001	0.267509592424485
0.371000000000001	0.267564248450313
0.372000000000001	0.267613618000799
0.373000000000001	0.267657699127343
0.374000000000001	0.267696490127099
0.375000000000001	0.267729989544411
0.376000000000001	0.267758196172227
0.377000000000001	0.267781109053506
0.378000000000001	0.267798727482611
0.379000000000001	0.267811051006681
0.380000000000001	0.267818079426997
0.381000000000001	0.267819812800331
0.382000000000001	0.267816251440276
0.383000000000001	0.267807395918568
0.384000000000001	0.267793247066385
0.385000000000001	0.26777380597564
0.386000000000001	0.267749074000248
0.387000000000001	0.267719052757388
0.388000000000001	0.267683744128737
0.389000000000001	0.267643150261697
0.390000000000001	0.267597273570603
0.391000000000001	0.267546116737913
0.392000000000001	0.267489682715378
0.393000000000001	0.267427974725204
0.394000000000001	0.267360996261187
0.395000000000001	0.267288751089834
0.396000000000001	0.267211243251467
0.397000000000001	0.267128477061306
0.398000000000001	0.26704045711054
0.399000000000001	0.266947188267369
0.400000000000001	0.266848675678038
0.401000000000001	0.266744924767842
0.402000000000001	0.26663594124212
0.403000000000001	0.266521731087227
0.404000000000001	0.266402300571481
0.405000000000001	0.266277656246096
0.406000000000001	0.266147804946097
0.407000000000001	0.266012753791203
0.408000000000001	0.265872510186703
0.409000000000001	0.265727081824303
0.410000000000001	0.265576476682953
0.411000000000001	0.265420703029654
0.412000000000001	0.265259769420243
0.413000000000001	0.265093684700158
0.414000000000001	0.264922458005175
0.415000000000001	0.26474609876213
0.416000000000001	0.264564616689614
0.417000000000001	0.264378021798647
0.418000000000001	0.264186324393329
0.419000000000001	0.263989535071467
0.420000000000001	0.263787664725181
0.421000000000001	0.263580724541479
0.422000000000001	0.263368726002823
0.423000000000001	0.263151680887655
0.424000000000001	0.262929601270906
0.425000000000001	0.262702499524483
0.426000000000001	0.262470388317727
0.427000000000001	0.262233280617847
0.428000000000001	0.261991189690332
0.429000000000001	0.261744129099332
0.430000000000001	0.261492112708017
0.431000000000001	0.261235154678914
0.432000000000001	0.260973269474207
0.433000000000001	0.260706471856026
0.434000000000001	0.260434776886695
0.435000000000001	0.260158199928963
0.436000000000001	0.259876756646203
0.437000000000001	0.25959046300259
0.438000000000001	0.259299335263242
0.439000000000001	0.259003389994347
0.440000000000001	0.258702644063248
0.441000000000001	0.25839711463851
0.442000000000001	0.258086819189959
0.443000000000001	0.257771775488685
0.444000000000001	0.257452001607024
0.445000000000001	0.257127515918508
0.446000000000001	0.256798337097791
0.447000000000001	0.256464484120535
0.448000000000001	0.25612597626328
0.449000000000001	0.255782833103278
0.450000000000001	0.255435074518294
0.451000000000001	0.255082720686387
0.452000000000001	0.25472579208565
0.453000000000001	0.25436430949393
0.454000000000001	0.253998293988509
0.455000000000001	0.253627766945761
0.456000000000001	0.253252750040776
0.457000000000001	0.25287326524695
0.458000000000001	0.25248933483555
0.459000000000001	0.252100981375245
0.460000000000001	0.251708227731603
0.461000000000001	0.251311097066558
0.462000000000001	0.250909612837851
0.463000000000001	0.250503798798429
0.464000000000001	0.25009367899582
0.465000000000001	0.249679277771473
0.466000000000001	0.249260619760063
0.467000000000001	0.248837729888768
0.468000000000001	0.248410633376512
0.469000000000001	0.247979355733172
0.470000000000001	0.247543922758756
0.471000000000001	0.247104360542545
0.472000000000001	0.246660695462205
0.473000000000001	0.246212954182861
0.474000000000001	0.245761163656139
0.475000000000001	0.24530535111918
0.476000000000001	0.244845544093608
0.477000000000001	0.244381770384477
0.478000000000001	0.243914058079173
0.479000000000001	0.243442435546291
0.480000000000001	0.242966931434468
0.481000000000001	0.24248757467119
0.482000000000001	0.24200439446156
0.483000000000001	0.241517420287031
0.484000000000001	0.241026681904102
0.485000000000001	0.240532209342989
0.486000000000001	0.240034032906246
0.487000000000001	0.23953218316736
0.488000000000001	0.239026690969311
0.489000000000001	0.238517587423093
0.490000000000001	0.238004903906197
0.491000000000001	0.237488672061068
0.492000000000001	0.236968923793511
0.493000000000001	0.236445691271078
0.494000000000001	0.235919006921405
0.495000000000001	0.235388903430521
0.496000000000001	0.234855413741117
0.497000000000001	0.234318571050779
0.498000000000001	0.233778408810186
0.499000000000001	0.233234960721272
0.500000000000001	0.232688260735345
0.501000000000001	0.232138343051182
0.502000000000001	0.231585242113072
0.503000000000001	0.231028992608835
0.504000000000001	0.230469629467794
0.505000000000001	0.22990718785872
0.506000000000001	0.229341703187729
0.507000000000001	0.228773211096152
0.508000000000001	0.228201747458362
0.509000000000001	0.227627348379564
0.510000000000001	0.22705005019355
0.511000000000001	0.226469889460414
0.512000000000001	0.225886902964234
0.513000000000001	0.225301127710711
0.514000000000001	0.224712600924775
0.515000000000001	0.224121360048152
0.516000000000001	0.223527442736892
0.517000000000001	0.22293088685886
0.518000000000001	0.222331730491195
0.519000000000001	0.221730011917721
0.520000000000001	0.221125769626329
0.521000000000001	0.220519042306321
0.522000000000001	0.219909868845708
0.523000000000001	0.219298288328481
0.524000000000001	0.218684340031841
0.525000000000001	0.218068063423385
0.526000000000001	0.217449498158264
0.527000000000001	0.216828684076297
0.528000000000001	0.216205661199051
0.529000000000001	0.215580469726882
0.530000000000001	0.214953150035938
0.531000000000001	0.214323742675124
0.532000000000001	0.213692288363033
0.533000000000001	0.213058827984837
0.534000000000001	0.212423402589139
0.535000000000001	0.211786053384793
0.536000000000001	0.211146821737681
0.537000000000001	0.210505749167454
0.538000000000001	0.209862877344244
0.539000000000001	0.209218248085322
0.540000000000001	0.208571903351738
0.541000000000001	0.207923885244912
0.542000000000001	0.207274236003189
0.543000000000001	0.206622997998366
0.544000000000001	0.205970213732169
0.545000000000001	0.205315925832704
0.546000000000001	0.204660177050872
0.547000000000001	0.204003010256734
0.548000000000001	0.20334446843586
0.549000000000001	0.202684594685625
0.550000000000001	0.202023432211477
0.551000000000001	0.201361024323169
0.552000000000001	0.20069741443095
0.553000000000001	0.20003264604173
0.554000000000001	0.199366762755199
0.555000000000001	0.198699808259917
0.556000000000001	0.198031826329368
0.557000000000001	0.197362860817978
0.558000000000001	0.196692955657096
0.559000000000001	0.196022154850948
0.560000000000001	0.195350502472545
0.561000000000001	0.194678042659568
0.562000000000001	0.194004819610211
0.563000000000001	0.193330877578993
0.564000000000001	0.192656260872539
0.565000000000001	0.191981013845321
0.566000000000001	0.191305180895369
0.567000000000001	0.190628806459954
0.568000000000001	0.189951935011226
0.569000000000001	0.189274611051834
0.570000000000001	0.1885968791105
0.571000000000001	0.187918783737569
0.572000000000001	0.187240369500527
0.573000000000001	0.186561680979483
0.574000000000001	0.18588276276262
0.575000000000001	0.185203659441621
0.576000000000001	0.184524415607055
0.577000000000001	0.183845075843743
0.578000000000001	0.183165684726078
0.579000000000001	0.182486286813336
0.580000000000001	0.181806926644937
0.581000000000001	0.181127648735688
0.582000000000001	0.180448497570997
0.583000000000001	0.179769517602051
0.584000000000001	0.179090753240972
0.585000000000001	0.178412248855941
0.586000000000001	0.177734048766298
0.587000000000001	0.177056197237612
0.588000000000001	0.176378738476721
0.589000000000001	0.175701716626752
0.590000000000001	0.175025175762106
0.591000000000001	0.174349159883428
0.592000000000001	0.173673712912539
0.593000000000001	0.172998878687355
0.594000000000001	0.172324700956767
0.595000000000001	0.171651223375511
0.596000000000001	0.170978489499004
0.597000000000001	0.170306542778159
0.598000000000001	0.169635426554181
0.599000000000001	0.168965184053332
0.600000000000001	0.16829585838168
0.601000000000001	0.167627492519824
0.602000000000001	0.166960129317597
0.603000000000001	0.16629381148875
0.604000000000001	0.165628581605614
0.605000000000001	0.164964482093737
0.606000000000001	0.164301555226516
0.607000000000001	0.163639843119789
0.608000000000001	0.162979387726431
0.609000000000001	0.162320230830911
0.610000000000001	0.161662414043845
0.611000000000001	0.161005978796531
0.612000000000001	0.160350966335458
0.613000000000001	0.159697417716812
0.614000000000001	0.159045373800955
0.615000000000001	0.158394875246898
0.616000000000001	0.157745962506753
0.617000000000001	0.157098675820179
0.618000000000001	0.156453055208804
0.619000000000001	0.155809140470646
0.620000000000001	0.155166971174515
0.621000000000001	0.154526586654405
0.622000000000001	0.153888026003875
0.623000000000001	0.153251328070427
0.624000000000001	0.15261653144986
0.625000000000001	0.151983674480628
0.626000000000001	0.151352795238188
0.627000000000001	0.150723931529335
0.628000000000001	0.150097120886533
0.629000000000001	0.149472400562245
0.630000000000001	0.148849807523249
0.631000000000001	0.148229378444954
0.632000000000001	0.147611149705715
0.633000000000001	0.146995157381138
0.634000000000001	0.146381437238388
0.635000000000001	0.145770024730494
0.636000000000001	0.145160954990649
0.637000000000001	0.144554262826519
0.638000000000001	0.14394998271454
0.639000000000001	0.14334814879423
0.640000000000001	0.142748794862491
0.641000000000001	0.142151954367924
0.642000000000001	0.14155766040514
0.643000000000001	0.14096594570908
0.644000000000001	0.140376842649339
0.645000000000001	0.1397903832245
0.646000000000001	0.139206599056465
0.647000000000001	0.138625521384808
0.648000000000001	0.138047181061128
0.649000000000001	0.137471608543408
0.650000000000001	0.136898833890401
0.651000000000001	0.136328886756007
0.652000000000001	0.13576179638368
0.653000000000001	0.135197591600837
0.654000000000001	0.134636300813286
0.655000000000001	0.134077951999672
0.656000000000001	0.133522572705933
0.657000000000001	0.132970190039779
0.658000000000001	0.132420830665186
0.659000000000001	0.131874520796912
0.660000000000001	0.131331286195029
0.661000000000001	0.130791152159482
0.662000000000001	0.130254143524668
0.663000000000001	0.129720284654035
0.664000000000001	0.129189599434713
0.665000000000001	0.128662111272162
0.666000000000001	0.128137843084856
0.667000000000001	0.127616817298984
0.668000000000001	0.127099055843192
0.669000000000001	0.126584580143345
0.670000000000001	0.126073411117324
0.671000000000001	0.125565569169857
0.672000000000001	0.125061074187382
0.673000000000001	0.124559945532944
0.674000000000001	0.124062202041126
0.675000000000001	0.123567862013023
0.676000000000001	0.123076943211249
0.677000000000001	0.122589462854985
0.678000000000001	0.122105437615068
0.679000000000001	0.121624883609123
0.680000000000001	0.121147816396733
0.681000000000001	0.120674250974664
0.682000000000001	0.120204201772122
0.683000000000001	0.119737682646071
0.684000000000001	0.119274706876587
0.685000000000001	0.118815287162271
0.686000000000001	0.118359435615711
0.687000000000001	0.117907163758988
0.688000000000001	0.117458482519251
0.689000000000001	0.117013402224334
0.690000000000001	0.116571932598437
0.691000000000001	0.116134082757859
0.692000000000001	0.115699861206798
0.693000000000001	0.115269275833206
0.694000000000001	0.114842333904706
0.695000000000001	0.11441904206458
0.696000000000001	0.113999406327811
0.697000000000001	0.113583432077202
0.698000000000001	0.113171124059558
0.699000000000001	0.112762486381937
0.700000000000001	0.112357522507977
0.701000000000001	0.111956235254291
0.702000000000001	0.111558626786941
0.703000000000001	0.111164698617981
0.704000000000001	0.110774451602087
0.705000000000001	0.110387885933258
0.706000000000001	0.110005001141602
0.707000000000001	0.109625796090207
0.708000000000001	0.109250268972086
0.709000000000001	0.108878417307222
0.710000000000001	0.108510237939689
0.711000000000001	0.108145727034867
0.712000000000001	0.10778488007675
0.713000000000001	0.107427691865341
0.714000000000001	0.107074156514146
0.715000000000001	0.106724267447763
0.716000000000001	0.106378017399571
0.717000000000001	0.106035398409511
0.718000000000001	0.105696401821981
0.719000000000001	0.105361018283824
0.720000000000001	0.105029237742424
0.721000000000001	0.104701049443915
0.722000000000001	0.10437644193149
0.723000000000001	0.104055403043826
0.724000000000001	0.103737919913624
0.725000000000001	0.103423978966257
0.726000000000001	0.103113565918544
0.727000000000001	0.10280666577763
0.728000000000001	0.102503262840002
0.729000000000001	0.102203340690615
0.730000000000001	0.101906882202149
0.731000000000001	0.101613869534391
0.732000000000001	0.101324284133748
0.733000000000001	0.101038106732886
0.734000000000001	0.100755317350509
0.735000000000001	0.100475895291265
0.736000000000001	0.100199819145797
0.737000000000001	0.0999270667909272
0.738000000000001	0.0996576153899854
0.739000000000001	0.0993914413932828
0.740000000000001	0.0991285205387279
0.741000000000001	0.0988688278525931
0.742000000000001	0.0986123376504308
0.743000000000001	0.098359023538142
0.744000000000001	0.0981088584131999
0.745000000000001	0.0978618144660309
0.746000000000001	0.0976178631815543
0.747000000000001	0.0973769753408845
0.748000000000001	0.0971391210231967
0.749000000000001	0.09690426960776
0.750000000000001	0.0966723897761377
0.751000000000001	0.0964434495145609
0.752000000000001	0.0962174161164739
0.753000000000001	0.0959942561852569
0.754000000000001	0.0957739356371268
0.755000000000001	0.0955564197042192
0.756000000000001	0.0953416729378537
0.757000000000001	0.0951296592119856
0.758000000000001	0.0949203417268458
0.759000000000001	0.0947136830127722
0.760000000000001	0.0945096449342348
0.761000000000001	0.0943081886940566
0.762000000000001	0.0941092748378345
0.763000000000001	0.0939128632585605
0.764000000000001	0.0937189132014483
0.765000000000001	0.093527383268966
0.766000000000001	0.0933382314260788
0.767000000000001	0.0931514150057041
0.768000000000001	0.0929668907143815
0.769000000000001	0.0927846146381605
0.770000000000001	0.0926045422487093
0.771000000000001	0.0924266284096469
0.772000000000001	0.0922508273831006
0.773000000000001	0.0920770928364944
0.774000000000001	0.0919053778495673
0.775000000000001	0.091735634921628
0.776000000000001	0.091567815979047
0.777000000000001	0.0914018723829887
0.778000000000001	0.0912377549373881
0.779000000000001	0.091075413897174
0.780000000000001	0.0909147989767408
0.781000000000001	0.0907558593586747
0.782000000000001	0.0905985437027341
0.783000000000001	0.0904428001550894
0.784000000000001	0.0902885763578248
0.785000000000001	0.090135819458705
0.786000000000001	0.0899844761212093
0.787000000000001	0.0898344925348382
0.788000000000001	0.0896858144256935
0.789000000000001	0.0895383870673363
0.790000000000001	0.0893921552919262
0.791000000000001	0.0892470635016438
0.792000000000001	0.0891030556804017
0.793000000000001	0.0889600754058454
0.794000000000001	0.0888180658616482
0.795000000000001	0.088676969850104
0.796000000000001	0.0885367298050203
0.797000000000001	0.0883972878049155
0.798000000000001	0.0882585855865238
0.799000000000001	0.0881205645586109
0.800000000000001	0.0879831658161043
0.801000000000001	0.0878463301545413
0.802000000000001	0.0877099980848384
0.803000000000001	0.0875741098483863
0.804000000000001	0.0874386054324722
0.805000000000001	0.0873034245860355
0.806000000000001	0.0871685068357583
0.807000000000001	0.0870337915024955
0.808000000000001	0.0868992177180484
0.809000000000001	0.0867647244422842
0.810000000000001	0.0866302504806063
0.811000000000001	0.0864957345017788
0.812000000000001	0.086361115056109
0.813000000000001	0.0862263305939911
0.814000000000002	0.0860913194848158
0.815000000000002	0.0859560200362495
0.816000000000002	0.0858203705138857
0.817000000000002	0.0856843091612749
0.818000000000002	0.0855477742203342
0.819000000000002	0.085410703952143
0.820000000000002	0.0852730366581264
0.821000000000002	0.0851347107016328
0.822000000000002	0.0849956645299077
0.823000000000002	0.0848558366964685
0.824000000000002	0.0847151658838847
0.825000000000002	0.0845735909269669
0.826000000000002	0.0844310508363696
0.827000000000002	0.0842874848226113
0.828000000000002	0.0841428323205157
0.829000000000002	0.0839970330140796
0.830000000000002	0.0838500268617705
0.831000000000002	0.0837017541222586
0.832000000000002	0.0835521553805875
0.833000000000002	0.0834011715747881
0.834000000000002	0.0832487440229393
0.835000000000002	0.0830948144506812
0.836000000000002	0.082939325019184
0.837000000000002	0.0827822183535773
0.838000000000002	0.0826234375718451
0.839000000000002	0.0824629263141895
0.840000000000002	0.0823006287728695
0.841000000000002	0.0821364897225172
0.842000000000002	0.0819704545509386
0.843000000000002	0.0818024692904007
0.844000000000002	0.0816324806494125
0.845000000000002	0.0814604360450021
0.846000000000002	0.0812862836354963
0.847000000000002	0.081109972353806
0.848000000000002	0.080931451941224
0.849000000000002	0.0807506729817377
0.850000000000002	0.0805675869368639
0.851000000000002	0.0803821461810083
0.852000000000002	0.0801943040373565
0.853000000000002	0.0800040148142998
0.854000000000002	0.0798112338424027
0.855000000000002	0.0796159175119144
0.856000000000002	0.0794180233108316
0.857000000000002	0.0792175098635172
0.858000000000002	0.0790143369698786
0.859000000000002	0.0788084656451123
0.860000000000002	0.0785998581600194
0.861000000000002	0.0783884780818967
0.862000000000002	0.0781742903160087
0.863000000000002	0.0779572611476472
0.864000000000002	0.077737358284781
0.865000000000002	0.0775145509013036
0.866000000000002	0.0772888096808824
0.867000000000002	0.0770601068614162
0.868000000000002	0.0768284162801052
0.869000000000002	0.0765937134191392
0.870000000000002	0.0763559754520103
0.871000000000002	0.0761151812904543
0.872000000000002	0.0758713116320271
0.873000000000002	0.0756243490083216
0.874000000000002	0.0753742778338304
0.875000000000002	0.0751210844554602
0.876000000000002	0.0748647572027032
0.877000000000002	0.0746052864384715
0.878000000000002	0.0743426646106005
0.879000000000002	0.0740768863040255
0.880000000000002	0.0738079482936399
0.881000000000002	0.0735358495978383
0.882000000000002	0.0732605915327519
0.883000000000002	0.072982177767181
0.884000000000002	0.0727006143782323
0.885000000000002	0.0724159099076641
0.886000000000002	0.0721280754189486
0.887000000000002	0.0718371245550545
0.888000000000002	0.0715430735969583
0.889000000000002	0.0712459415228885
0.890000000000002	0.0709457500683102
0.891000000000002	0.0706425237866551
0.892000000000002	0.0703362901108045
0.893000000000002	0.0700270794153299
0.894000000000002	0.0697149250794993
0.895000000000002	0.0693998635510535
0.896000000000002	0.0690819344107603
0.897000000000002	0.0687611804377526
0.898000000000002	0.0684376476756562
0.899000000000002	0.068111385499515
0.900000000000002	0.0677824466835178
0.901000000000002	0.067450887469537
0.902000000000002	0.0671167676364809
0.903000000000002	0.0667801505704714
0.904000000000002	0.0664411033358489
0.905000000000002	0.0660996967470146
0.906000000000002	0.0657560054411157
0.907000000000002	0.0654101079515792
0.908000000000002	0.065062086782503
0.909000000000002	0.0647120284839099
0.910000000000002	0.0643600237278715
0.911000000000002	0.0640061673855094
0.912000000000002	0.0636505586048798
0.913000000000002	0.0632933008897498
0.914000000000002	0.0629345021792704
0.915000000000002	0.0625742749285561
0.916000000000002	0.0622127361901749
0.917000000000002	0.0618500076965587
0.918000000000002	0.0614862159433395
0.919000000000002	0.0611214922736193
0.920000000000002	0.0607559729631812
0.921000000000002	0.0603897993066478
0.922000000000002	0.0600231177045962
0.923000000000002	0.0596560797516352
0.924000000000002	0.0592888423254524
0.925000000000002	0.0589215676768402
0.926000000000002	0.0585544235207057
0.927000000000002	0.0581875831280746
0.928000000000002	0.0578212254190942
0.929000000000002	0.0574555350570456
0.930000000000002	0.0570907025433706
0.931000000000002	0.0567269243137223
0.932000000000002	0.0563644028350468
0.933000000000002	0.0560033467037036
0.934000000000002	0.0556439707446327
0.935000000000002	0.0552864961115766
0.936000000000002	0.0549311503883641
0.937000000000002	0.0545781676912652
0.938000000000002	0.0542277887724236
0.939000000000002	0.0538802611243769
0.940000000000002	0.0535358390856697
0.941000000000002	0.0531947839475708
0.942000000000002	0.0528573640619005
0.943000000000002	0.0525238549499767
0.944000000000002	0.0521945394126892
0.945000000000002	0.0518697076417084
0.946000000000002	0.0515496573318391
0.947000000000002	0.0512346937945252
0.948000000000002	0.050925130072517
0.949000000000002	0.0506212870557056
0.950000000000002	0.0503234935981367
0.951000000000002	0.0500320866362097
0.952000000000002	0.0497474113080722
0.953000000000002	0.0494698210742175
0.954000000000002	0.0491996778392951
0.955000000000002	0.0489373520751414
0.956000000000002	0.0486832229450403
0.957000000000002	0.048437678429223
0.958000000000002	0.0482011154516145
0.959000000000002	0.0479739400078368
0.960000000000002	0.0477565672944773
0.961000000000002	0.0475494218396321
0.962000000000002	0.0473529376347316
0.963000000000002	0.04716755826766
0.964000000000002	0.0469937370571755
0.965000000000002	0.0468319371886415
0.966000000000002	0.0466826318510783
0.967000000000002	0.0465463043755442
0.968000000000002	0.0464234483748547
0.969000000000002	0.0463145678846508
0.970000000000002	0.0462201775058239
0.971000000000002	0.0461408025483088
0.972000000000002	0.0460769791762524
0.973000000000002	0.0460292545545691
0.974000000000002	0.0459981869968915
0.975000000000002	0.0459843461149277
0.976000000000002	0.0459883129692322
0.977000000000002	0.0460106802214028
0.978000000000002	0.0460520522877126
0.979000000000002	0.0461130454941856
0.980000000000002	0.0461942882331275
0.981000000000002	0.0462964211211215
0.982000000000002	0.0464200971584975
0.983000000000002	0.0465659818902872
0.984000000000002	0.0467347535686731
0.985000000000002	0.0469271033169429
0.986000000000002	0.0471437352949589
0.987000000000002	0.0473853668661526
0.988000000000002	0.0476527287660554
0.989000000000002	0.0479465652723753
0.990000000000002	0.0482676343766301
0.991000000000002	0.0486167079573477
0.992000000000002	0.0489945719548434
0.993000000000002	0.0494020265475865
0.994000000000002	0.049839886330164
0.995000000000002	0.0503089804928556
0.996000000000002	0.050810153002827
0.997000000000002	0.0513442627869553
0.998000000000002	0.0519121839162959
0.999000000000002	0.0525148057922019
