-1             	-0.0476190476190476
-0.999         	-0.0477530723446754
-0.998         	-0.0478875741169456
-0.997         	-0.048022554879174
-0.996         	-0.0481580165827194
-0.995         	-0.0482939611870086
-0.994         	-0.0484303906595607
-0.993         	-0.0485673069760119
-0.992         	-0.0487047121201393
-0.991         	-0.0488426080838857
-0.99          	-0.0489809968673832
-0.989         	-0.0491198804789779
-0.988         	-0.049259260935253
-0.987         	-0.0493991402610532
-0.986         	-0.0495395204895081
-0.985         	-0.0496804036620558
-0.984         	-0.0498217918284664
-0.983         	-0.0499636870468651
-0.982         	-0.0501060913837554
-0.981         	-0.0502490069140421
-0.98          	-0.0503924357210545
-0.979         	-0.0505363798965682
-0.978         	-0.0506808415408286
-0.977         	-0.0508258227625728
-0.976         	-0.0509713256790518
-0.975         	-0.0511173524160527
-0.974         	-0.0512639051079204
-0.973         	-0.0514109858975795
-0.972         	-0.0515585969365557
-0.971         	-0.0517067403849971
-0.97          	-0.0518554184116951
-0.969         	-0.0520046331941057
-0.968         	-0.0521543869183702
-0.967         	-0.0523046817793352
-0.966         	-0.0524555199805736
-0.965         	-0.052606903734404
-0.964         	-0.0527588352619111
-0.963         	-0.0529113167929648
-0.962         	-0.05306435056624
-0.961         	-0.0532179388292354
-0.96          	-0.0533720838382926
-0.959         	-0.0535267878586145
-0.958         	-0.053682053164284
-0.957         	-0.0538378820382816
-0.956         	-0.0539942767725036
-0.955         	-0.0541512396677796
-0.954         	-0.0543087730338894
-0.953         	-0.0544668791895803
-0.952         	-0.0546255604625837
-0.951         	-0.0547848191896313
-0.95          	-0.0549446577164711
-0.949         	-0.0551050783978834
-0.948         	-0.0552660835976959
-0.947         	-0.0554276756887986
-0.946         	-0.0555898570531588
-0.945         	-0.0557526300818355
-0.944         	-0.0559159971749931
-0.943         	-0.056079960741915
-0.942         	-0.0562445232010172
-0.941         	-0.0564096869798606
-0.94          	-0.0565754545151643
-0.939         	-0.0567418282528166
-0.938         	-0.0569088106478878
-0.937         	-0.0570764041646404
-0.936         	-0.0572446112765408
-0.935         	-0.0574134344662692
-0.934         	-0.0575828762257295
-0.933         	-0.0577529390560593
-0.932         	-0.0579236254676383
-0.931         	-0.0580949379800975
-0.93          	-0.0582668791223269
-0.929         	-0.0584394514324832
-0.928         	-0.058612657457997
-0.927         	-0.0587864997555794
-0.926         	-0.0589609808912281
-0.925         	-0.0591361034402328
-0.924         	-0.0593118699871808
-0.923         	-0.0594882831259605
-0.922         	-0.0596653454597666
-0.921         	-0.0598430596011023
-0.92          	-0.0600214281717828
-0.919         	-0.0602004538029375
-0.918         	-0.0603801391350111
-0.917         	-0.0605604868177653
-0.916         	-0.0607414995102785
-0.915         	-0.0609231798809462
-0.914         	-0.0611055306074794
-0.913         	-0.0612885543769038
-0.912         	-0.0614722538855569
-0.911         	-0.0616566318390856
-0.91          	-0.0618416909524424
-0.909         	-0.062027433949881
-0.908         	-0.0622138635649515
-0.907         	-0.0624009825404946
-0.906         	-0.062588793628635
-0.905         	-0.0627772995907741
-0.904         	-0.0629665031975825
-0.903         	-0.0631564072289904
-0.902         	-0.0633470144741788
-0.901         	-0.0635383277315684
-0.9           	-0.063730349808809
-0.899         	-0.0639230835227668
-0.898         	-0.0641165316995122
-0.897         	-0.0643106971743054
-0.896         	-0.0645055827915819
-0.895         	-0.0647011914049372
-0.894         	-0.06489752587711
-0.893         	-0.0650945890799649
-0.892         	-0.0652923838944741
-0.891         	-0.0654909132106979
-0.89          	-0.0656901799277647
-0.889         	-0.0658901869538496
-0.888         	-0.0660909372061519
-0.887         	-0.066292433610872
-0.886         	-0.0664946791031872
-0.885         	-0.0666976766272258
-0.884         	-0.0669014291360411
-0.883         	-0.0671059395915837
-0.882         	-0.0673112109646723
-0.881         	-0.0675172462349646
-0.88          	-0.0677240483909259
-0.879         	-0.0679316204297971
-0.878         	-0.0681399653575612
-0.877         	-0.0683490861889089
-0.876         	-0.068558985947203
-0.875         	-0.0687696676644409
-0.874         	-0.0689811343812168
-0.873         	-0.069193389146682
-0.872         	-0.069406435018504
-0.871         	-0.0696202750628244
-0.87          	-0.069834912354215
-0.869         	-0.0700503499756338
-0.868         	-0.0702665910183775
-0.867         	-0.0704836385820351
-0.866         	-0.0707014957744376
-0.865         	-0.0709201657116083
-0.864         	-0.0711396515177103
-0.863         	-0.071359956324993
-0.862         	-0.0715810832737373
-0.861         	-0.0718030355121987
-0.86          	-0.0720258161965492
-0.859         	-0.0722494284908175
-0.858         	-0.0724738755668279
-0.857         	-0.0726991606041369
-0.856         	-0.0729252867899685
-0.855         	-0.0731522573191483
-0.854         	-0.0733800753940349
-0.853         	-0.0736087442244503
-0.852         	-0.0738382670276082
-0.851         	-0.0740686470280409
-0.85          	-0.0742998874575234
-0.849         	-0.0745319915549974
-0.848         	-0.0747649625664912
-0.847         	-0.0749988037450399
-0.846         	-0.075233518350602
-0.845         	-0.0754691096499748
-0.844         	-0.075705580916708
-0.843         	-0.0759429354310145
-0.842         	-0.0761811764796802
-0.841         	-0.0764203073559707
-0.84          	-0.0766603313595367
-0.839         	-0.0769012517963167
-0.838         	-0.0771430719784379
-0.837         	-0.0773857952241149
-0.836         	-0.0776294248575458
-0.835         	-0.0778739642088067
-0.834         	-0.0781194166137428
-0.833         	-0.078365785413859
-0.832         	-0.0786130739562058
-0.831         	-0.0788612855932651
-0.83          	-0.079110423682832
-0.829         	-0.0793604915878948
-0.828         	-0.0796114926765124
-0.827         	-0.0798634303216894
-0.826         	-0.0801163079012479
-0.825         	-0.0803701287976979
-0.824         	-0.080624896398104
-0.823         	-0.08088061409395
-0.822         	-0.0811372852810004
-0.821         	-0.0813949133591597
-0.82          	-0.0816535017323289
-0.819         	-0.0819130538082581
-0.818         	-0.0821735729983979
-0.817         	-0.0824350627177468
-0.816         	-0.0826975263846958
-0.815         	-0.0829609674208706
-0.814         	-0.0832253892509701
-0.813         	-0.0834907953026024
-0.812         	-0.0837571890061172
-0.811         	-0.0840245737944357
-0.81          	-0.0842929531028767
-0.809         	-0.0845623303689801
-0.808         	-0.0848327090323267
-0.807         	-0.0851040925343546
-0.806         	-0.0853764843181729
-0.805         	-0.0856498878283717
-0.804         	-0.0859243065108283
-0.803         	-0.0861997438125103
-0.802         	-0.0864762031812755
-0.801         	-0.0867536880656676
-0.8           	-0.0870322019147085
-0.799         	-0.0873117481776876
-0.798         	-0.0875923303039463
-0.797         	-0.0878739517426596
-0.796         	-0.0881566159426137
-0.795         	-0.0884403263519796
-0.794         	-0.0887250864180831
-0.793         	-0.0890108995871706
-0.792         	-0.0892977693041709
-0.791         	-0.0895856990124535
-0.79          	-0.0898746921535822
-0.789         	-0.090164752167065
-0.788         	-0.0904558824900993
-0.787         	-0.0907480865573136
-0.786         	-0.0910413678005046
-0.785         	-0.0913357296483695
-0.784         	-0.0916311755262348
-0.783         	-0.0919277088557799
-0.782         	-0.0922253330547568
-0.781         	-0.0925240515367047
-0.78          	-0.0928238677106607
-0.779         	-0.0931247849808652
-0.778         	-0.0934268067464627
-0.777         	-0.0937299364011985
-0.776         	-0.0940341773331096
-0.775         	-0.0943395329242117
-0.774         	-0.0946460065501804
-0.773         	-0.094953601580028
-0.772         	-0.0952623213757753
-0.771         	-0.0955721692921176
-0.77          	-0.0958831486760866
-0.769         	-0.0961952628667065
-0.768         	-0.0965085151946443
-0.767         	-0.096822908981856
-0.766         	-0.0971384475412267
-0.765         	-0.0974551341762049
-0.764         	-0.0977729721804322
-0.763         	-0.0980919648373665
-0.762         	-0.0984121154199007
-0.761         	-0.0987334271899744
-0.76          	-0.0990559033981806
-0.759         	-0.099379547283367
-0.758         	-0.0997043620722302
-0.757         	-0.100030350978905
-0.756         	-0.100357517204549
-0.755         	-0.100685863936914
-0.754         	-0.101015394349926
-0.753         	-0.10134611160324
-0.752         	-0.101678018841805
-0.751         	-0.102011119195415
-0.75          	-0.102345415778252
-0.749         	-0.102680911688426
-0.748         	-0.103017610007511
-0.747         	-0.103355513800068
-0.746         	-0.103694626113163
-0.745         	-0.104034949975885
-0.744         	-0.104376488398848
-0.743         	-0.10471924437369
-0.742         	-0.105063220872568
-0.741         	-0.105408420847641
-0.74          	-0.105754847230549
-0.739         	-0.106102502931884
-0.738         	-0.106451390840655
-0.737         	-0.106801513823743
-0.736         	-0.107152874725351
-0.735         	-0.107505476366447
-0.734         	-0.107859321544198
-0.733         	-0.108214413031397
-0.732         	-0.108570753575883
-0.731         	-0.108928345899951
-0.73          	-0.109287192699759
-0.729         	-0.109647296644723
-0.728         	-0.110008660376905
-0.727         	-0.110371286510394
-0.726         	-0.110735177630679
-0.725         	-0.111100336294014
-0.724         	-0.111466765026773
-0.723         	-0.1118344663248
-0.722         	-0.112203442652748
-0.721         	-0.112573696443409
-0.72          	-0.112945230097043
-0.719         	-0.113318045980685
-0.718         	-0.113692146427458
-0.717         	-0.114067533735867
-0.716         	-0.11444421016909
-0.715         	-0.114822177954258
-0.714         	-0.115201439281724
-0.713         	-0.115581996304331
-0.712         	-0.11596385113666
-0.711         	-0.11634700585428
-0.71          	-0.116731462492981
-0.709         	-0.117117223048
-0.708         	-0.117504289473242
-0.707         	-0.117892663680484
-0.706         	-0.118282347538577
-0.705         	-0.118673342872636
-0.704         	-0.119065651463218
-0.703         	-0.119459275045494
-0.702         	-0.11985421530841
-0.701         	-0.12025047389384
-0.7           	-0.120648052395726
-0.699         	-0.121046952359212
-0.698         	-0.121447175279766
-0.697         	-0.121848722602291
-0.696         	-0.122251595720233
-0.695         	-0.122655795974667
-0.694         	-0.123061324653385
-0.693         	-0.123468182989969
-0.692         	-0.12387637216285
-0.691         	-0.124285893294365
-0.69          	-0.124696747449798
-0.689         	-0.125108935636411
-0.688         	-0.125522458802469
-0.687         	-0.125937317836249
-0.686         	-0.126353513565045
-0.685         	-0.126771046754155
-0.684         	-0.127189918105864
-0.683         	-0.127610128258415
-0.682         	-0.128031677784967
-0.681         	-0.128454567192545
-0.68          	-0.12887879692098
-0.679         	-0.129304367341832
-0.678         	-0.129731278757316
-0.677         	-0.130159531399199
-0.676         	-0.130589125427705
-0.675         	-0.131020060930394
-0.674         	-0.13145233792104
-0.673         	-0.131885956338493
-0.672         	-0.132320916045533
-0.671         	-0.132757216827716
-0.67          	-0.133194858392197
-0.669         	-0.133633840366559
-0.668         	-0.134074162297621
-0.667         	-0.134515823650233
-0.666         	-0.13495882380607
-0.665         	-0.135403162062408
-0.664         	-0.135848837630888
-0.663         	-0.136295849636276
-0.662         	-0.136744197115204
-0.661         	-0.137193879014909
-0.66          	-0.137644894191953
-0.659         	-0.138097241410939
-0.658         	-0.13855091934321
-0.657         	-0.139005926565542
-0.656         	-0.139462261558827
-0.655         	-0.13991992270674
-0.654         	-0.140378908294398
-0.653         	-0.140839216507013
-0.652         	-0.141300845428528
-0.651         	-0.141763793040244
-0.65          	-0.142228057219442
-0.649         	-0.142693635737983
-0.648         	-0.143160526260911
-0.647         	-0.14362872634504
-0.646         	-0.144098233437524
-0.645         	-0.144569044874431
-0.644         	-0.145041157879294
-0.643         	-0.14551456956166
-0.642         	-0.145989276915625
-0.641         	-0.146465276818364
-0.64          	-0.146942566028642
-0.639         	-0.147421141185327
-0.638         	-0.147900998805886
-0.637         	-0.148382135284871
-0.636         	-0.148864546892403
-0.635         	-0.14934822977264
-0.634         	-0.149833179942235
-0.633         	-0.150319393288793
-0.632         	-0.150806865569313
-0.631         	-0.151295592408621
-0.63          	-0.151785569297798
-0.629         	-0.152276791592598
-0.628         	-0.152769254511858
-0.627         	-0.153262953135897
-0.626         	-0.153757882404916
-0.625         	-0.154254037117378
-0.624         	-0.154751411928392
-0.623         	-0.155250001348082
-0.622         	-0.155749799739953
-0.621         	-0.156250801319245
-0.62          	-0.156753000151292
-0.619         	-0.157256390149859
-0.618         	-0.157760965075483
-0.617         	-0.158266718533807
-0.616         	-0.158773643973907
-0.615         	-0.15928173468661
-0.614         	-0.159790983802812
-0.613         	-0.160301384291792
-0.612         	-0.160812928959512
-0.611         	-0.161325610446925
-0.61          	-0.16183942122827
-0.609         	-0.162354353609366
-0.608         	-0.162870399725903
-0.607         	-0.163387551541729
-0.606         	-0.163905800847135
-0.605         	-0.164425139257137
-0.604         	-0.164945558209753
-0.603         	-0.165467048964283
-0.602         	-0.165989602599584
-0.601         	-0.166513210012347
-0.6           	-0.167037861915368
-0.599         	-0.167563548835822
-0.598         	-0.16809026111354
-0.597         	-0.168617988899278
-0.596         	-0.169146722152996
-0.595         	-0.169676450642131
-0.594         	-0.170207163939876
-0.593         	-0.170738851423457
-0.592         	-0.171271502272421
-0.591         	-0.171805105466912
-0.59          	-0.172339649785969
-0.589         	-0.172875123805809
-0.588         	-0.173411515898132
-0.587         	-0.173948814228414
-0.586         	-0.174487006754223
-0.585         	-0.175026081223523
-0.584         	-0.175566025173
-0.583         	-0.176106825926381
-0.582         	-0.176648470592776
-0.581         	-0.177190946065012
-0.58          	-0.177734239017985
-0.579         	-0.178278335907025
-0.578         	-0.178823222966255
-0.577         	-0.179368886206979
-0.576         	-0.179915311416068
-0.575         	-0.180462484154364
-0.574         	-0.181010389755092
-0.573         	-0.181559013322289
-0.572         	-0.182108339729243
-0.571         	-0.18265835361695
-0.57          	-0.183209039392579
-0.569         	-0.183760381227963
-0.568         	-0.184312363058095
-0.567         	-0.184864968579648
-0.566         	-0.185418181249511
-0.565         	-0.185971984283343
-0.564         	-0.186526360654145
-0.563         	-0.187081293090853
-0.562         	-0.187636764076951
-0.561         	-0.188192755849109
-0.56          	-0.188749250395834
-0.559         	-0.189306229456154
-0.558         	-0.189863674518319
-0.557         	-0.190421566818529
-0.556         	-0.190979887339686
-0.555         	-0.191538616810177
-0.554         	-0.192097735702674
-0.553         	-0.19265722423297
-0.552         	-0.193217062358842
-0.551         	-0.193777229778942
-0.55          	-0.194337705931717
-0.549         	-0.194898469994364
-0.548         	-0.195459500881814
-0.547         	-0.19602077724575
-0.546         	-0.196582277473657
-0.545         	-0.197143979687912
-0.544         	-0.197705861744903
-0.543         	-0.198267901234188
-0.542         	-0.198830075477689
-0.541         	-0.199392361528933
-0.54          	-0.199954736172316
-0.539         	-0.200517175922424
-0.538         	-0.201079657023386
-0.537         	-0.201642155448271
-0.536         	-0.202204646898526
-0.535         	-0.202767106803466
-0.534         	-0.203329510319798
-0.533         	-0.203891832331197
-0.532         	-0.204454047447932
-0.531         	-0.205016130006533
-0.53          	-0.205578054069511
-0.529         	-0.206139793425128
-0.528         	-0.206701321587217
-0.527         	-0.207262611795052
-0.526         	-0.207823637013274
-0.525         	-0.208384369931872
-0.524         	-0.208944782966213
-0.523         	-0.209504848257131
-0.522         	-0.210064537671079
-0.521         	-0.210623822800325
-0.52          	-0.211182674963222
-0.519         	-0.211741065204524
-0.518         	-0.212298964295775
-0.517         	-0.21285634273575
-0.516         	-0.213413170750965
-0.515         	-0.213969418296248
-0.514         	-0.214525055055373
-0.513         	-0.215080050441765
-0.512         	-0.215634373599266
-0.511         	-0.216187993402971
-0.51          	-0.21674087846013
-0.509         	-0.217292997111127
-0.508         	-0.217844317430518
-0.507         	-0.218394807228147
-0.506         	-0.218944434050336
-0.505         	-0.219493165181141
-0.504         	-0.220040967643688
-0.503         	-0.220587808201579
-0.502         	-0.221133653360381
-0.501         	-0.22167846936918
-0.5           	-0.222222222222222
-0.499         	-0.22276487766063
-0.498         	-0.223306401174193
-0.497         	-0.223846758003246
-0.496         	-0.224385913140622
-0.495         	-0.224923831333686
-0.494         	-0.225460477086454
-0.493         	-0.225995814661792
-0.492         	-0.226529808083699
-0.491         	-0.227062421139676
-0.49          	-0.227593617383173
-0.489         	-0.22812336013613
-0.488         	-0.228651612491594
-0.487         	-0.229178337316434
-0.486         	-0.22970349725413
-0.485         	-0.230227054727659
-0.484         	-0.230748971942465
-0.483         	-0.231269210889518
-0.482         	-0.231787733348458
-0.481         	-0.232304500890835
-0.48          	-0.232819474883435
-0.479         	-0.233332616491695
-0.478         	-0.233843886683205
-0.477         	-0.234353246231312
-0.476         	-0.2348606557188
-0.475         	-0.235366075541671
-0.474         	-0.235869465913015
-0.473         	-0.236370786866964
-0.472         	-0.236869998262752
-0.471         	-0.237367059788851
-0.47          	-0.237861930967205
-0.469         	-0.238354571157559
-0.468         	-0.238844939561873
-0.467         	-0.239332995228831
-0.466         	-0.239818697058437
-0.465         	-0.240302003806707
-0.464         	-0.240782874090449
-0.463         	-0.241261266392134
-0.462         	-0.241737139064854
-0.461         	-0.242210450337376
-0.46          	-0.242681158319279
-0.459         	-0.243149221006184
-0.458         	-0.243614596285072
-0.457         	-0.244077241939684
-0.456         	-0.244537115656022
-0.455         	-0.244994175027918
-0.454         	-0.245448377562705
-0.453         	-0.245899680686966
-0.452         	-0.246348041752366
-0.451         	-0.246793418041574
-0.45          	-0.24723576677426
-0.449         	-0.24767504511318
-0.448         	-0.248111210170339
-0.447         	-0.248544219013233
-0.446         	-0.248974028671173
-0.445         	-0.249400596141685
-0.444         	-0.249823878396982
-0.443         	-0.25024383239052
-0.442         	-0.250660415063621
-0.441         	-0.251073583352171
-0.44          	-0.251483294193388
-0.439         	-0.251889504532662
-0.438         	-0.25229217133046
-0.436999999999999	-0.252691251569302
-0.435999999999999	-0.253086702260796
-0.434999999999999	-0.253478480452741
-0.433999999999999	-0.253866543236295
-0.432999999999999	-0.254250847753191
-0.431999999999999	-0.254631351203023
-0.430999999999999	-0.255008010850585
-0.429999999999999	-0.255380784033261
-0.428999999999999	-0.255749628168468
-0.427999999999999	-0.256114500761157
-0.426999999999999	-0.256475359411349
-0.425999999999999	-0.256832161821731
-0.424999999999999	-0.257184865805287
-0.423999999999999	-0.257533429292972
-0.422999999999999	-0.25787781034143
-0.421999999999999	-0.258217967140746
-0.420999999999999	-0.258553858022232
-0.419999999999999	-0.258885441466248
-0.418999999999999	-0.259212676110055
-0.417999999999999	-0.259535520755686
-0.416999999999999	-0.259853934377857
-0.415999999999999	-0.260167876131887
-0.414999999999999	-0.260477305361649
-0.413999999999999	-0.260782181607526
-0.412999999999999	-0.261082464614397
-0.411999999999999	-0.26137811433962
-0.410999999999999	-0.261669090961037
-0.409999999999999	-0.261955354884976
-0.408999999999999	-0.262236866754258
-0.407999999999999	-0.262513587456215
-0.406999999999999	-0.262785478130691
-0.405999999999999	-0.263052500178046
-0.404999999999999	-0.263314615267155
-0.403999999999999	-0.26357178534339
-0.402999999999999	-0.26382397263659
-0.401999999999999	-0.264071139669013
-0.400999999999999	-0.264313249263278
-0.399999999999999	-0.264550264550265
-0.398999999999999	-0.264782148977007
-0.397999999999999	-0.265008866314547
-0.396999999999999	-0.265230380665756
-0.395999999999999	-0.265446656473126
-0.394999999999999	-0.265657658526521
-0.393999999999999	-0.265863351970882
-0.392999999999999	-0.266063702313896
-0.391999999999999	-0.266258675433608
-0.390999999999999	-0.26644823758599
-0.389999999999999	-0.266632355412452
-0.388999999999999	-0.266810995947295
-0.387999999999999	-0.266984126625107
-0.386999999999999	-0.267151715288094
-0.385999999999999	-0.26731373019334
-0.384999999999999	-0.267470140020011
-0.383999999999999	-0.267620913876464
-0.382999999999999	-0.267766021307306
-0.381999999999999	-0.267905432300351
-0.380999999999999	-0.268039117293511
-0.379999999999999	-0.268167047181593
-0.378999999999999	-0.268289193323011
-0.377999999999999	-0.268405527546411
-0.376999999999999	-0.268516022157191
-0.375999999999999	-0.268620649943935
-0.374999999999999	-0.268719384184745
-0.373999999999999	-0.268812198653461
-0.372999999999999	-0.26889906762579
-0.371999999999999	-0.268979965885316
-0.370999999999999	-0.269054868729399
-0.369999999999999	-0.269123751974968
-0.368999999999999	-0.269186591964188
-0.367999999999999	-0.269243365570015
-0.366999999999999	-0.269294050201621
-0.365999999999999	-0.269338623809706
-0.364999999999999	-0.269377064891671
-0.363999999999999	-0.269409352496669
-0.362999999999999	-0.269435466230522
-0.361999999999999	-0.269455386260502
-0.360999999999999	-0.26946909331998
-0.359999999999999	-0.269476568712932
-0.358999999999999	-0.269477794318304
-0.357999999999999	-0.269472752594238
-0.356999999999999	-0.269461426582149
-0.355999999999999	-0.269443799910655
-0.354999999999999	-0.269419856799362
-0.353999999999999	-0.269389582062491
-0.352999999999999	-0.269352961112361
-0.351999999999999	-0.269309979962711
-0.350999999999999	-0.269260625231867
-0.349999999999999	-0.269204884145755
-0.348999999999999	-0.269142744540751
-0.347999999999999	-0.269074194866371
-0.346999999999999	-0.268999224187803
-0.345999999999999	-0.268917822188268
-0.344999999999999	-0.268829979171228
-0.343999999999999	-0.268735686062418
-0.342999999999999	-0.268634934411713
-0.341999999999999	-0.26852771639484
-0.340999999999999	-0.268414024814902
-0.339999999999999	-0.268293853103749
-0.338999999999999	-0.268167195323172
-0.337999999999999	-0.268034046165927
-0.336999999999999	-0.267894400956591
-0.335999999999999	-0.267748255652244
-0.334999999999999	-0.267595606842983
-0.333999999999999	-0.267436451752256
-0.332999999999999	-0.267270788237036
-0.331999999999999	-0.267098614787812
-0.330999999999999	-0.266919930528414
-0.329999999999999	-0.266734735215661
-0.328999999999999	-0.266543029238847
-0.327999999999999	-0.26634481361904
-0.326999999999999	-0.266140090008224
-0.325999999999999	-0.265928860688264
-0.324999999999999	-0.265711128569695
-0.323999999999999	-0.265486897190354
-0.322999999999999	-0.265256170713834
-0.321999999999999	-0.265018953927767
-0.320999999999999	-0.26477525224195
-0.319999999999999	-0.264525071686294
-0.318999999999999	-0.264268418908614
-0.317999999999999	-0.264005301172252
-0.316999999999999	-0.263735726353533
-0.315999999999999	-0.263459702939071
-0.314999999999999	-0.263177240022896
-0.313999999999999	-0.26288834730344
-0.312999999999999	-0.262593035080351
-0.311999999999999	-0.26229131425116
-0.310999999999999	-0.261983196307788
-0.309999999999999	-0.261668693332901
-0.308999999999999	-0.261347817996117
-0.307999999999999	-0.261020583550059
-0.306999999999999	-0.260687003826262
-0.305999999999999	-0.260347093230939
-0.304999999999999	-0.260000866740594
-0.303999999999999	-0.259648339897506
-0.302999999999999	-0.25928952880506
-0.301999999999999	-0.258924450122954
-0.300999999999999	-0.258553121062265
-0.299999999999999	-0.258175559380378
-0.298999999999999	-0.257791783375799
-0.297999999999999	-0.257401811882822
-0.296999999999999	-0.257005664266092
-0.295999999999999	-0.256603360415024
-0.294999999999999	-0.256194920738122
-0.293999999999999	-0.255780366157165
-0.292999999999999	-0.255359718101289
-0.291999999999999	-0.254932998500952
-0.290999999999999	-0.254500229781794
-0.289999999999999	-0.254061434858385
-0.288999999999999	-0.253616637127876
-0.287999999999999	-0.253165860463547
-0.286999999999999	-0.252709129208255
-0.285999999999999	-0.252246468167795
-0.284999999999999	-0.251777902604157
-0.283999999999999	-0.251303458228711
-0.282999999999999	-0.250823161195289
-0.281999999999999	-0.250337038093199
-0.280999999999999	-0.24984511594015
-0.279999999999999	-0.249347422175107
-0.278999999999999	-0.248843984651068
-0.277999999999999	-0.248334831627773
-0.276999999999999	-0.247819991764349
-0.275999999999999	-0.247299494111883
-0.274999999999999	-0.246773368105944
-0.273999999999999	-0.246241643559041
-0.272999999999999	-0.245704350653029
-0.271999999999999	-0.245161519931463
-0.270999999999999	-0.244613182291902
-0.269999999999999	-0.244059368978174
-0.268999999999999	-0.243500111572593
-0.267999999999999	-0.242935441988139
-0.266999999999999	-0.242365392460606
-0.265999999999999	-0.241789995540711
-0.264999999999999	-0.24120928408618
-0.263999999999999	-0.240623291253801
-0.262999999999999	-0.240032050491463
-0.261999999999999	-0.239435595530168
-0.260999999999999	-0.238833960376026
-0.259999999999999	-0.238227179302236
-0.258999999999999	-0.237615286841063
-0.257999999999999	-0.236998317775799
-0.256999999999999	-0.236376307132716
-0.255999999999999	-0.235749290173032
-0.254999999999999	-0.235117302384858
-0.253999999999999	-0.234480379475164
-0.252999999999999	-0.233838557361745
-0.251999999999999	-0.233191872165195
-0.250999999999999	-0.232540360200894
-0.249999999999999	-0.231884057971014
-0.248999999999999	-0.231223002156535
-0.247999999999999	-0.230557229609287
-0.246999999999999	-0.229886777344011
-0.245999999999999	-0.229211682530447
-0.244999999999999	-0.228531982485448
-0.243999999999999	-0.22784771466513
-0.242999999999999	-0.227158916657043
-0.241999999999999	-0.226465626172391
-0.240999999999999	-0.225767881038278
-0.239999999999999	-0.225065719190003
-0.238999999999999	-0.224359178663388
-0.237999999999999	-0.223648297587159
-0.236999999999999	-0.222933114175365
-0.235999999999999	-0.222213666719855
-0.234999999999999	-0.221489993582798
-0.233999999999999	-0.220762133189258
-0.232999999999999	-0.220030124019825
-0.231999999999999	-0.219294004603303
-0.230999999999999	-0.218553813509453
-0.229999999999999	-0.2178095893418
-0.228999999999999	-0.217061370730501
-0.227999999999999	-0.216309196325279
-0.226999999999999	-0.215553104788415
-0.225999999999999	-0.214793134787817
-0.224999999999999	-0.214029324990153
-0.223999999999999	-0.213261714054053
-0.222999999999999	-0.212490340623386
-0.221999999999999	-0.211715243320609
-0.220999999999999	-0.210936460740187
-0.219999999999999	-0.210154031442099
-0.218999999999999	-0.209367993945407
-0.217999999999999	-0.208578386721915
-0.216999999999999	-0.207785248189903
-0.215999999999999	-0.206988616707941
-0.214999999999999	-0.206188530568786
-0.213999999999999	-0.205385027993361
-0.212999999999999	-0.204578147124822
-0.211999999999999	-0.203767926022699
-0.210999999999999	-0.202954402657134
-0.209999999999999	-0.202137614903202
-0.208999999999999	-0.20131760053531
-0.207999999999999	-0.2004943972217
-0.206999999999999	-0.199668042519028
-0.205999999999999	-0.198838573867034
-0.204999999999999	-0.198006028583305
-0.203999999999999	-0.197170443858127
-0.202999999999999	-0.196331856749427
-0.201999999999999	-0.195490304177806
-0.200999999999999	-0.19464582292166
-0.199999999999999	-0.193798449612403
-0.198999999999999	-0.192948220729767
-0.197999999999999	-0.192095172597211
-0.196999999999999	-0.191239341377407
-0.195999999999999	-0.190380763067831
-0.194999999999999	-0.189519473496436
-0.193999999999999	-0.188655508317429
-0.192999999999999	-0.187788903007132
-0.191999999999999	-0.18691969285994
-0.190999999999999	-0.186047912984371
-0.189999999999999	-0.185173598299209
-0.188999999999999	-0.184296783529741
-0.187999999999999	-0.183417503204083
-0.186999999999999	-0.182535791649604
-0.185999999999999	-0.181651682989435
-0.184999999999999	-0.180765211139079
-0.183999999999999	-0.179876409803103
-0.182999999999999	-0.178985312471928
-0.181999999999999	-0.178091952418711
-0.180999999999999	-0.177196362696309
-0.179999999999999	-0.176298576134344
-0.178999999999999	-0.175398625336351
-0.177999999999999	-0.174496542677021
-0.176999999999999	-0.173592360299521
-0.175999999999999	-0.172686110112922
-0.174999999999999	-0.171777823789694
-0.173999999999999	-0.170867532763305
-0.172999999999999	-0.169955268225896
-0.171999999999999	-0.169041061126047
-0.170999999999999	-0.168124942166629
-0.169999999999999	-0.167206941802738
-0.168999999999999	-0.166287090239715
-0.167999999999999	-0.165365417431248
-0.166999999999999	-0.164441953077564
-0.165999999999999	-0.163516726623687
-0.164999999999999	-0.162589767257798
-0.163999999999999	-0.161661103909658
-0.162999999999999	-0.160730765249122
-0.161999999999999	-0.159798779684726
-0.160999999999999	-0.158865175362357
-0.159999999999999	-0.157929980163994
-0.158999999999999	-0.156993221706533
-0.157999999999999	-0.156054927340681
-0.156999999999999	-0.155115124149934
-0.155999999999999	-0.154173838949614
-0.154999999999999	-0.153231098285997
-0.153999999999999	-0.152286928435501
-0.152999999999999	-0.151341355403949
-0.151999999999999	-0.150394404925902
-0.150999999999999	-0.149446102464067
-0.149999999999999	-0.148496473208761
-0.148999999999999	-0.147545542077458
-0.147999999999999	-0.146593333714393
-0.146999999999999	-0.145639872490233
-0.145999999999999	-0.144685182501818
-0.144999999999999	-0.143729287571959
-0.143999999999999	-0.142772211249306
-0.142999999999999	-0.141813976808273
-0.141999999999999	-0.140854607249026
-0.140999999999999	-0.139894125297533
-0.139999999999999	-0.138932553405673
-0.138999999999999	-0.137969913751398
-0.137999999999999	-0.13700622823896
-0.136999999999999	-0.136041518499193
-0.135999999999999	-0.135075805889844
-0.134999999999999	-0.134109111495968
-0.133999999999999	-0.133141456130367
-0.132999999999999	-0.132172860334096
-0.131999999999999	-0.131203344377001
-0.130999999999999	-0.130232928258326
-0.129999999999999	-0.12926163170736
-0.128999999999999	-0.128289474184138
-0.127999999999999	-0.127316474880184
-0.126999999999999	-0.126342652719306
-0.125999999999999	-0.12536802635844
-0.124999999999999	-0.124392614188532
-0.123999999999999	-0.123416434335467
-0.122999999999999	-0.122439504661048
-0.121999999999999	-0.121461842764006
-0.120999999999999	-0.120483465981065
-0.119999999999999	-0.119504391388035
-0.118999999999999	-0.118524635800954
-0.117999999999999	-0.117544215777268
-0.116999999999999	-0.116563147617045
-0.115999999999999	-0.115581447364232
-0.114999999999999	-0.114599130807944
-0.113999999999999	-0.113616213483791
-0.112999999999999	-0.112632710675242
-0.111999999999999	-0.111648637415019
-0.110999999999999	-0.110664008486528
-0.109999999999999	-0.109678838425322
-0.108999999999999	-0.108693141520592
-0.107999999999999	-0.107706931816695
-0.106999999999999	-0.106720223114709
-0.105999999999999	-0.105733028974018
-0.104999999999999	-0.104745362713925
-0.103999999999999	-0.103757237415295
-0.102999999999999	-0.102768665922224
-0.101999999999999	-0.101779660843737
-0.100999999999999	-0.100790234555505
-0.0999999999999992	-0.099800399201596
-0.0989999999999992	-0.0988101666962475
-0.0979999999999992	-0.097819548725659
-0.0969999999999992	-0.0968285567498126
-0.0959999999999992	-0.0958372020043144
-0.0949999999999992	-0.0948454955022573
-0.0939999999999992	-0.093853448036106
-0.0929999999999992	-0.092861070179602
-0.0919999999999992	-0.0918683722896892
-0.0909999999999992	-0.0908753645084586
-0.0899999999999992	-0.089882056765112
-0.0889999999999992	-0.0888884587779439
-0.0879999999999992	-0.0878945800563413
-0.0869999999999992	-0.0869004299028006
-0.0859999999999992	-0.085906017414961
-0.0849999999999992	-0.0849113514876542
-0.0839999999999992	-0.0839164408149694
-0.0829999999999992	-0.0829212938923336
-0.0819999999999992	-0.0819259190186066
-0.0809999999999992	-0.0809303242981891
-0.0799999999999992	-0.0799345176431459
-0.0789999999999992	-0.0789385067753408
-0.0779999999999992	-0.0779422992285849
-0.0769999999999992	-0.0769459023507968
-0.0759999999999992	-0.0759493233061748
-0.0749999999999992	-0.0749525690773799
-0.0739999999999992	-0.0739556464677305
-0.0729999999999992	-0.0729585621034067
-0.0719999999999992	-0.0719613224356651
-0.0709999999999992	-0.0709639337430635
-0.0699999999999992	-0.0699664021336946
-0.0689999999999992	-0.0689687335474285
-0.0679999999999992	-0.0679709337581641
-0.0669999999999992	-0.0669730083760888
-0.0659999999999992	-0.0659749628499454
-0.0649999999999992	-0.0649768024693076
-0.0639999999999992	-0.0639785323668615
-0.0629999999999992	-0.0629801575206952
-0.0619999999999992	-0.061981682756594
-0.0609999999999992	-0.0609831127503426
-0.0599999999999992	-0.059984452030033
-0.0589999999999992	-0.0589857049783779
-0.0579999999999992	-0.0579868758350304
-0.0569999999999992	-0.0569879686989077
-0.0559999999999992	-0.0559889875305209
-0.0549999999999992	-0.0549899361543087
-0.0539999999999992	-0.053990818260976
-0.0529999999999992	-0.0529916374098363
-0.0519999999999992	-0.0519923970311589
-0.0509999999999992	-0.0509931004285189
-0.0499999999999992	-0.0499937507811515
-0.0489999999999992	-0.0489943511463095
-0.0479999999999992	-0.0479949044616239
-0.0469999999999992	-0.0469954135474677
-0.0459999999999992	-0.0459958811093222
-0.0449999999999992	-0.0449963097401466
-0.0439999999999992	-0.0439967019227494
-0.0429999999999992	-0.0429970600321624
-0.0419999999999991	-0.0419973863380176
-0.0409999999999991	-0.0409976830069245
-0.0399999999999991	-0.0399979521048514
-0.0389999999999991	-0.0389981955995066
-0.0379999999999991	-0.0379984153627228
-0.0369999999999991	-0.0369986131728419
-0.0359999999999991	-0.0359987907171018
-0.0349999999999991	-0.0349989495940245
-0.0339999999999991	-0.0339990913158053
-0.0329999999999991	-0.0329992173107033
-0.0319999999999991	-0.0319993289254326
-0.0309999999999991	-0.0309994274275548
-0.0299999999999991	-0.0299995140078722
-0.0289999999999991	-0.0289995897828219
-0.0279999999999991	-0.0279996557968705
-0.0269999999999991	-0.0269997130249093
-0.0259999999999991	-0.0259997623746509
-0.0249999999999991	-0.024999804689025
-0.0239999999999991	-0.0239998407485759
-0.0229999999999991	-0.0229998712738596
-0.0219999999999991	-0.021999896927842
-0.0209999999999991	-0.0209999183182968
-0.0199999999999991	-0.0199999360002039
-0.0189999999999991	-0.0189999504781482
-0.0179999999999991	-0.0179999622087185
-0.0169999999999991	-0.0169999716029066
-0.0159999999999991	-0.0159999790285066
-0.0149999999999991	-0.0149999848125145
-0.0139999999999991	-0.0139999892435274
-0.0129999999999991	-0.0129999925741434
-0.0119999999999991	-0.0119999950233612
-0.0109999999999991	-0.0109999967789801
-0.00999999999999912	-0.00999999799999952
-0.00899999999999912	-0.00899999881901927
-0.00799999999999912	-0.00799999934463917
-0.00699999999999912	-0.00699999966385914
-0.00599999999999912	-0.00599999984447912
-0.00499999999999912	-0.00499999993749912
-0.00399999999999912	-0.00399999997951912
-0.00299999999999912	-0.00299999999513912
-0.00199999999999912	-0.00199999999935912
-0.000999999999999119	-0.000999999999979119
8.81239525796218e-16	8.81239525796218e-16
0.00100000000000088	0.000999999999980881
0.00200000000000088	0.00199999999936088
0.00300000000000088	0.00299999999514088
0.00400000000000088	0.00399999997952088
0.00500000000000088	0.00499999993750088
0.00600000000000088	0.00599999984448089
0.00700000000000088	0.0069999996638609
0.00800000000000088	0.00799999934464094
0.00900000000000088	0.00899999881902104
0.0100000000000009	0.00999999800000128
0.0110000000000009	0.0109999967789818
0.0120000000000009	0.0119999950233629
0.0130000000000009	0.0129999925741451
0.0140000000000009	0.0139999892435292
0.0150000000000009	0.0149999848125163
0.0160000000000009	0.0159999790285084
0.0170000000000009	0.0169999716029083
0.0180000000000009	0.0179999622087202
0.0190000000000009	0.01899995047815
0.0200000000000009	0.0199999360002057
0.0210000000000009	0.0209999183182986
0.0220000000000009	0.0219998969278438
0.0230000000000009	0.0229998712738614
0.0240000000000009	0.0239998407485776
0.0250000000000009	0.0249998046890268
0.0260000000000009	0.0259997623746527
0.0270000000000009	0.0269997130249111
0.0280000000000009	0.0279996557968722
0.0290000000000009	0.0289995897828237
0.0300000000000009	0.029999514007874
0.0310000000000009	0.0309994274275566
0.0320000000000009	0.0319993289254344
0.0330000000000009	0.0329992173107051
0.0340000000000009	0.033999091315807
0.0350000000000009	0.0349989495940262
0.0360000000000009	0.0359987907171035
0.0370000000000009	0.0369986131728436
0.0380000000000009	0.0379984153627246
0.0390000000000009	0.0389981955995084
0.0400000000000009	0.0399979521048531
0.0410000000000009	0.0409976830069263
0.0420000000000009	0.0419973863380193
0.0430000000000009	0.0429970600321642
0.0440000000000009	0.0439967019227511
0.0450000000000009	0.0449963097401484
0.0460000000000009	0.045995881109324
0.0470000000000009	0.0469954135474694
0.0480000000000009	0.0479949044616257
0.0490000000000009	0.0489943511463113
0.0500000000000009	0.0499937507811533
0.0510000000000009	0.0509931004285207
0.0520000000000009	0.0519923970311607
0.0530000000000009	0.0529916374098381
0.0540000000000009	0.0539908182609777
0.0550000000000009	0.0549899361543105
0.0560000000000009	0.0559889875305227
0.0570000000000009	0.0569879686989094
0.0580000000000009	0.0579868758350321
0.0590000000000009	0.0589857049783797
0.0600000000000009	0.0599844520300347
0.0610000000000009	0.0609831127503444
0.0620000000000009	0.0619816827565958
0.0630000000000009	0.062980157520697
0.0640000000000009	0.0639785323668633
0.0650000000000009	0.0649768024693094
0.0660000000000009	0.0659749628499472
0.0670000000000009	0.0669730083760905
0.0680000000000009	0.0679709337581658
0.0690000000000009	0.0689687335474302
0.0700000000000009	0.0699664021336963
0.0710000000000009	0.0709639337430653
0.0720000000000009	0.0719613224356668
0.0730000000000009	0.0729585621034084
0.0740000000000009	0.0739556464677323
0.0750000000000009	0.0749525690773817
0.0760000000000009	0.0759493233061765
0.0770000000000009	0.0769459023507986
0.0780000000000009	0.0779422992285866
0.0790000000000009	0.0789385067753426
0.0800000000000009	0.0799345176431477
0.0810000000000009	0.0809303242981909
0.0820000000000009	0.0819259190186083
0.0830000000000009	0.0829212938923354
0.0840000000000009	0.0839164408149711
0.0850000000000009	0.0849113514876559
0.086000000000001	0.0859060174149628
0.087000000000001	0.0869004299028024
0.088000000000001	0.0878945800563431
0.089000000000001	0.0888884587779457
0.090000000000001	0.0898820567651138
0.091000000000001	0.0908753645084604
0.092000000000001	0.091868372289691
0.093000000000001	0.0928610701796037
0.094000000000001	0.0938534480361077
0.095000000000001	0.0948454955022591
0.096000000000001	0.0958372020043162
0.097000000000001	0.0968285567498144
0.098000000000001	0.0978195487256607
0.099000000000001	0.0988101666962492
0.100000000000001	0.0998003992015978
0.101000000000001	0.100790234555506
0.102000000000001	0.101779660843739
0.103000000000001	0.102768665922226
0.104000000000001	0.103757237415296
0.105000000000001	0.104745362713926
0.106000000000001	0.10573302897402
0.107000000000001	0.106720223114711
0.108000000000001	0.107706931816697
0.109000000000001	0.108693141520594
0.110000000000001	0.109678838425324
0.111000000000001	0.11066400848653
0.112000000000001	0.111648637415021
0.113000000000001	0.112632710675243
0.114000000000001	0.113616213483793
0.115000000000001	0.114599130807946
0.116000000000001	0.115581447364234
0.117000000000001	0.116563147617047
0.118000000000001	0.11754421577727
0.119000000000001	0.118524635800956
0.120000000000001	0.119504391388036
0.121000000000001	0.120483465981067
0.122000000000001	0.121461842764008
0.123000000000001	0.12243950466105
0.124000000000001	0.123416434335469
0.125000000000001	0.124392614188533
0.126000000000001	0.125368026358442
0.127000000000001	0.126342652719308
0.128000000000001	0.127316474880185
0.129000000000001	0.12828947418414
0.130000000000001	0.129261631707362
0.131000000000001	0.130232928258327
0.132000000000001	0.131203344377002
0.133000000000001	0.132172860334098
0.134000000000001	0.133141456130369
0.135000000000001	0.134109111495969
0.136000000000001	0.135075805889846
0.137000000000001	0.136041518499195
0.138000000000001	0.137006228238962
0.139000000000001	0.137969913751399
0.140000000000001	0.138932553405674
0.141000000000001	0.139894125297535
0.142000000000001	0.140854607249027
0.143000000000001	0.141813976808274
0.144000000000001	0.142772211249308
0.145000000000001	0.143729287571961
0.146000000000001	0.14468518250182
0.147000000000001	0.145639872490235
0.148000000000001	0.146593333714395
0.149000000000001	0.14754554207746
0.150000000000001	0.148496473208762
0.151000000000001	0.149446102464068
0.152000000000001	0.150394404925904
0.153000000000001	0.15134135540395
0.154000000000001	0.152286928435503
0.155000000000001	0.153231098285999
0.156000000000001	0.154173838949615
0.157000000000001	0.155115124149935
0.158000000000001	0.156054927340683
0.159000000000001	0.156993221706534
0.160000000000001	0.157929980163995
0.161000000000001	0.158865175362358
0.162000000000001	0.159798779684728
0.163000000000001	0.160730765249123
0.164000000000001	0.161661103909659
0.165000000000001	0.162589767257799
0.166000000000001	0.163516726623689
0.167000000000001	0.164441953077565
0.168000000000001	0.16536541743125
0.169000000000001	0.166287090239716
0.170000000000001	0.16720694180274
0.171000000000001	0.168124942166631
0.172000000000001	0.169041061126049
0.173000000000001	0.169955268225898
0.174000000000001	0.170867532763307
0.175000000000001	0.171777823789696
0.176000000000001	0.172686110112924
0.177000000000001	0.173592360299523
0.178000000000001	0.174496542677022
0.179000000000001	0.175398625336353
0.180000000000001	0.176298576134345
0.181000000000001	0.17719636269631
0.182000000000001	0.178091952418712
0.183000000000001	0.17898531247193
0.184000000000001	0.179876409803104
0.185000000000001	0.180765211139081
0.186000000000001	0.181651682989437
0.187000000000001	0.182535791649605
0.188000000000001	0.183417503204085
0.189000000000001	0.184296783529742
0.190000000000001	0.185173598299211
0.191000000000001	0.186047912984373
0.192000000000001	0.186919692859942
0.193000000000001	0.187788903007134
0.194000000000001	0.188655508317431
0.195000000000001	0.189519473496438
0.196000000000001	0.190380763067832
0.197000000000001	0.191239341377409
0.198000000000001	0.192095172597212
0.199000000000001	0.192948220729768
0.200000000000001	0.193798449612404
0.201000000000001	0.194645822921662
0.202000000000001	0.195490304177807
0.203000000000001	0.196331856749429
0.204000000000001	0.197170443858128
0.205000000000001	0.198006028583306
0.206000000000001	0.198838573867035
0.207000000000001	0.199668042519029
0.208000000000001	0.200494397221702
0.209000000000001	0.201317600535311
0.210000000000001	0.202137614903203
0.211000000000001	0.202954402657136
0.212000000000001	0.2037679260227
0.213000000000001	0.204578147124823
0.214000000000001	0.205385027993363
0.215000000000001	0.206188530568787
0.216000000000001	0.206988616707942
0.217000000000001	0.207785248189905
0.218000000000001	0.208578386721917
0.219000000000001	0.209367993945409
0.220000000000001	0.210154031442101
0.221000000000001	0.210936460740189
0.222000000000001	0.21171524332061
0.223000000000001	0.212490340623387
0.224000000000001	0.213261714054054
0.225000000000001	0.214029324990154
0.226000000000001	0.214793134787818
0.227000000000001	0.215553104788416
0.228000000000001	0.21630919632528
0.229000000000001	0.217061370730503
0.230000000000001	0.217809589341801
0.231000000000001	0.218553813509454
0.232000000000001	0.219294004603304
0.233000000000001	0.220030124019827
0.234000000000001	0.220762133189259
0.235000000000001	0.221489993582799
0.236000000000001	0.222213666719856
0.237000000000001	0.222933114175366
0.238000000000001	0.22364829758716
0.239000000000001	0.224359178663389
0.240000000000001	0.225065719190004
0.241000000000001	0.225767881038279
0.242000000000001	0.226465626172392
0.243000000000001	0.227158916657044
0.244000000000001	0.227847714665131
0.245000000000001	0.22853198248545
0.246000000000001	0.229211682530448
0.247000000000001	0.229886777344012
0.248000000000001	0.230557229609288
0.249000000000001	0.231223002156536
0.250000000000001	0.231884057971015
0.251000000000001	0.232540360200895
0.252000000000001	0.233191872165196
0.253000000000001	0.233838557361746
0.254000000000001	0.234480379475165
0.255000000000001	0.235117302384859
0.256000000000001	0.235749290173033
0.257000000000001	0.236376307132717
0.258000000000001	0.2369983177758
0.259000000000001	0.237615286841065
0.260000000000001	0.238227179302237
0.261000000000001	0.238833960376027
0.262000000000001	0.239435595530169
0.263000000000001	0.240032050491464
0.264000000000001	0.240623291253802
0.265000000000001	0.241209284086181
0.266000000000001	0.241789995540712
0.267000000000001	0.242365392460607
0.268000000000001	0.24293544198814
0.269000000000001	0.243500111572594
0.270000000000001	0.244059368978175
0.271000000000001	0.244613182291903
0.272000000000001	0.245161519931464
0.273000000000001	0.24570435065303
0.274000000000001	0.246241643559042
0.275000000000001	0.246773368105945
0.276000000000001	0.247299494111884
0.277000000000001	0.24781999176435
0.278000000000001	0.248334831627774
0.279000000000001	0.248843984651069
0.280000000000001	0.249347422175108
0.281000000000001	0.249845115940151
0.282000000000001	0.2503370380932
0.283000000000001	0.25082316119529
0.284000000000001	0.251303458228712
0.285000000000001	0.251777902604158
0.286000000000001	0.252246468167796
0.287000000000001	0.252709129208256
0.288000000000001	0.253165860463548
0.289000000000001	0.253616637127877
0.290000000000001	0.254061434858386
0.291000000000001	0.254500229781795
0.292000000000001	0.254932998500953
0.293000000000001	0.25535971810129
0.294000000000001	0.255780366157166
0.295000000000001	0.256194920738123
0.296000000000001	0.256603360415025
0.297000000000001	0.257005664266092
0.298000000000001	0.257401811882823
0.299000000000001	0.257791783375799
0.300000000000001	0.258175559380379
0.301000000000001	0.258553121062266
0.302000000000001	0.258924450122955
0.303000000000001	0.25928952880506
0.304000000000001	0.259648339897506
0.305000000000001	0.260000866740595
0.306000000000001	0.260347093230939
0.307000000000001	0.260687003826263
0.308000000000001	0.261020583550059
0.309000000000001	0.261347817996118
0.310000000000001	0.261668693332902
0.311000000000001	0.261983196307788
0.312000000000001	0.26229131425116
0.313000000000001	0.262593035080351
0.314000000000001	0.26288834730344
0.315000000000001	0.263177240022896
0.316000000000001	0.263459702939071
0.317000000000001	0.263735726353534
0.318000000000001	0.264005301172252
0.319000000000001	0.264268418908615
0.320000000000001	0.264525071686295
0.321000000000001	0.264775252241951
0.322000000000001	0.265018953927768
0.323000000000001	0.265256170713834
0.324000000000001	0.265486897190355
0.325000000000001	0.265711128569695
0.326000000000001	0.265928860688264
0.327000000000001	0.266140090008225
0.328000000000001	0.26634481361904
0.329000000000001	0.266543029238847
0.330000000000001	0.266734735215662
0.331000000000001	0.266919930528414
0.332000000000001	0.267098614787813
0.333000000000001	0.267270788237037
0.334000000000001	0.267436451752256
0.335000000000001	0.267595606842983
0.336000000000001	0.267748255652244
0.337000000000001	0.267894400956591
0.338000000000001	0.268034046165927
0.339000000000001	0.268167195323172
0.340000000000001	0.26829385310375
0.341000000000001	0.268414024814903
0.342000000000001	0.268527716394841
0.343000000000001	0.268634934411714
0.344000000000001	0.268735686062418
0.345000000000001	0.268829979171229
0.346000000000001	0.268917822188268
0.347000000000001	0.268999224187803
0.348000000000001	0.269074194866371
0.349000000000001	0.269142744540751
0.350000000000001	0.269204884145755
0.351000000000001	0.269260625231867
0.352000000000001	0.269309979962711
0.353000000000001	0.269352961112361
0.354000000000001	0.269389582062491
0.355000000000001	0.269419856799362
0.356000000000001	0.269443799910655
0.357000000000001	0.269461426582149
0.358000000000001	0.269472752594239
0.359000000000001	0.269477794318304
0.360000000000001	0.269476568712932
0.361000000000001	0.26946909331998
0.362000000000001	0.269455386260502
0.363000000000001	0.269435466230522
0.364000000000001	0.269409352496669
0.365000000000001	0.269377064891671
0.366000000000001	0.269338623809706
0.367000000000001	0.269294050201621
0.368000000000001	0.269243365570015
0.369000000000001	0.269186591964188
0.370000000000001	0.269123751974968
0.371000000000001	0.269054868729399
0.372000000000001	0.268979965885316
0.373000000000001	0.26889906762579
0.374000000000001	0.268812198653461
0.375000000000001	0.268719384184744
0.376000000000001	0.268620649943935
0.377000000000001	0.268516022157191
0.378000000000001	0.268405527546411
0.379000000000001	0.268289193323011
0.380000000000001	0.268167047181592
0.381000000000001	0.268039117293511
0.382000000000001	0.267905432300351
0.383000000000001	0.267766021307306
0.384000000000001	0.267620913876464
0.385000000000001	0.26747014002001
0.386000000000001	0.26731373019334
0.387000000000001	0.267151715288093
0.388000000000001	0.266984126625107
0.389000000000001	0.266810995947295
0.390000000000001	0.266632355412452
0.391000000000001	0.26644823758599
0.392000000000001	0.266258675433608
0.393000000000001	0.266063702313896
0.394000000000001	0.265863351970882
0.395000000000001	0.265657658526521
0.396000000000001	0.265446656473126
0.397000000000001	0.265230380665755
0.398000000000001	0.265008866314547
0.399000000000001	0.264782148977007
0.400000000000001	0.264550264550264
0.401000000000001	0.264313249263277
0.402000000000001	0.264071139669013
0.403000000000001	0.263823972636589
0.404000000000001	0.26357178534339
0.405000000000001	0.263314615267155
0.406000000000001	0.263052500178046
0.407000000000001	0.26278547813069
0.408000000000001	0.262513587456215
0.409000000000001	0.262236866754258
0.410000000000001	0.261955354884975
0.411000000000001	0.261669090961037
0.412000000000001	0.26137811433962
0.413000000000001	0.261082464614396
0.414000000000001	0.260782181607525
0.415000000000001	0.260477305361648
0.416000000000001	0.260167876131887
0.417000000000001	0.259853934377856
0.418000000000001	0.259535520755685
0.419000000000001	0.259212676110054
0.420000000000001	0.258885441466248
0.421000000000001	0.258553858022231
0.422000000000001	0.258217967140745
0.423000000000001	0.257877810341429
0.424000000000001	0.257533429292971
0.425000000000001	0.257184865805286
0.426000000000001	0.256832161821731
0.427000000000001	0.256475359411348
0.428000000000001	0.256114500761156
0.429000000000001	0.255749628168468
0.430000000000001	0.25538078403326
0.431000000000001	0.255008010850585
0.432000000000001	0.254631351203023
0.433000000000001	0.25425084775319
0.434000000000001	0.253866543236294
0.435000000000001	0.253478480452741
0.436000000000001	0.253086702260795
0.437000000000001	0.252691251569301
0.438000000000001	0.25229217133046
0.439000000000001	0.251889504532661
0.440000000000001	0.251483294193387
0.441000000000001	0.25107358335217
0.442000000000001	0.25066041506362
0.443000000000001	0.250243832390519
0.444000000000001	0.249823878396981
0.445000000000001	0.249400596141684
0.446000000000001	0.248974028671173
0.447000000000001	0.248544219013232
0.448000000000001	0.248111210170338
0.449000000000001	0.24767504511318
0.450000000000001	0.247235766774259
0.451000000000001	0.246793418041573
0.452000000000001	0.246348041752365
0.453000000000001	0.245899680686965
0.454000000000001	0.245448377562704
0.455000000000001	0.244994175027917
0.456000000000001	0.244537115656021
0.457000000000001	0.244077241939684
0.458000000000001	0.243614596285071
0.459000000000001	0.243149221006184
0.460000000000001	0.242681158319278
0.461000000000001	0.242210450337375
0.462000000000001	0.241737139064854
0.463000000000001	0.241261266392133
0.464000000000001	0.240782874090449
0.465000000000001	0.240302003806706
0.466000000000001	0.239818697058436
0.467000000000001	0.23933299522883
0.468000000000001	0.238844939561872
0.469000000000001	0.238354571157558
0.470000000000001	0.237861930967204
0.471000000000001	0.23736705978885
0.472000000000001	0.236869998262751
0.473000000000001	0.236370786866963
0.474000000000001	0.235869465913014
0.475000000000001	0.23536607554167
0.476000000000001	0.234860655718799
0.477000000000001	0.234353246231311
0.478000000000001	0.233843886683204
0.479000000000001	0.233332616491694
0.480000000000001	0.232819474883434
0.481000000000001	0.232304500890834
0.482000000000001	0.231787733348457
0.483000000000001	0.231269210889517
0.484000000000001	0.230748971942465
0.485000000000001	0.230227054727658
0.486000000000001	0.229703497254129
0.487000000000001	0.229178337316433
0.488000000000001	0.228651612491593
0.489000000000001	0.228123360136129
0.490000000000001	0.227593617383172
0.491000000000001	0.227062421139675
0.492000000000001	0.226529808083698
0.493000000000001	0.225995814661791
0.494000000000001	0.225460477086453
0.495000000000001	0.224923831333685
0.496000000000001	0.224385913140621
0.497000000000001	0.223846758003245
0.498000000000001	0.223306401174192
0.499000000000001	0.222764877660629
0.500000000000001	0.222222222222222
0.501000000000001	0.221678469369179
0.502000000000001	0.22113365336038
0.503000000000001	0.220587808201578
0.504000000000001	0.220040967643687
0.505000000000001	0.21949316518114
0.506000000000001	0.218944434050335
0.507000000000001	0.218394807228146
0.508000000000001	0.217844317430517
0.509000000000001	0.217292997111126
0.510000000000001	0.216740878460129
0.511000000000001	0.21618799340297
0.512000000000001	0.215634373599265
0.513000000000001	0.215080050441764
0.514000000000001	0.214525055055372
0.515000000000001	0.213969418296247
0.516000000000001	0.213413170750964
0.517000000000001	0.212856342735749
0.518000000000001	0.212298964295774
0.519000000000001	0.211741065204523
0.520000000000001	0.211182674963221
0.521000000000001	0.210623822800324
0.522000000000001	0.210064537671078
0.523000000000001	0.20950484825713
0.524000000000001	0.208944782966212
0.525000000000001	0.208384369931871
0.526000000000001	0.207823637013273
0.527000000000001	0.207262611795051
0.528000000000001	0.206701321587216
0.529000000000001	0.206139793425127
0.530000000000001	0.20557805406951
0.531000000000001	0.205016130006532
0.532000000000001	0.204454047447931
0.533000000000001	0.203891832331196
0.534000000000001	0.203329510319797
0.535000000000001	0.202767106803465
0.536000000000001	0.202204646898525
0.537000000000001	0.20164215544827
0.538000000000001	0.201079657023385
0.539000000000001	0.200517175922423
0.540000000000001	0.199954736172315
0.541000000000001	0.199392361528932
0.542000000000001	0.198830075477689
0.543000000000001	0.198267901234187
0.544000000000001	0.197705861744902
0.545000000000001	0.197143979687911
0.546000000000001	0.196582277473656
0.547000000000001	0.196020777245749
0.548000000000001	0.195459500881813
0.549000000000001	0.194898469994363
0.550000000000001	0.194337705931716
0.551000000000001	0.193777229778941
0.552000000000001	0.193217062358841
0.553000000000001	0.192657224232969
0.554000000000001	0.192097735702673
0.555000000000001	0.191538616810176
0.556000000000001	0.190979887339685
0.557000000000001	0.190421566818528
0.558000000000001	0.189863674518318
0.559000000000001	0.189306229456153
0.560000000000001	0.188749250395833
0.561000000000001	0.188192755849108
0.562000000000001	0.18763676407695
0.563000000000001	0.187081293090852
0.564000000000001	0.186526360654144
0.565000000000001	0.185971984283342
0.566000000000001	0.18541818124951
0.567000000000001	0.184864968579647
0.568000000000001	0.184312363058094
0.569000000000001	0.183760381227962
0.570000000000001	0.183209039392578
0.571000000000001	0.182658353616949
0.572000000000001	0.182108339729242
0.573000000000001	0.181559013322288
0.574000000000001	0.181010389755091
0.575000000000001	0.180462484154363
0.576000000000001	0.179915311416068
0.577000000000001	0.179368886206978
0.578000000000001	0.178823222966254
0.579000000000001	0.178278335907024
0.580000000000001	0.177734239017985
0.581000000000001	0.177190946065011
0.582000000000001	0.176648470592775
0.583000000000001	0.17610682592638
0.584000000000001	0.175566025172999
0.585000000000001	0.175026081223523
0.586000000000001	0.174487006754222
0.587000000000001	0.173948814228413
0.588000000000001	0.173411515898131
0.589000000000001	0.172875123805808
0.590000000000001	0.172339649785968
0.591000000000001	0.171805105466912
0.592000000000001	0.17127150227242
0.593000000000001	0.170738851423457
0.594000000000001	0.170207163939875
0.595000000000001	0.16967645064213
0.596000000000001	0.169146722152995
0.597000000000001	0.168617988899277
0.598000000000001	0.168090261113539
0.599000000000001	0.167563548835821
0.600000000000001	0.167037861915367
0.601000000000001	0.166513210012346
0.602000000000001	0.165989602599583
0.603000000000001	0.165467048964282
0.604000000000001	0.164945558209752
0.605000000000001	0.164425139257136
0.606000000000001	0.163905800847135
0.607000000000001	0.163387551541728
0.608000000000001	0.162870399725902
0.609000000000001	0.162354353609365
0.610000000000001	0.161839421228269
0.611000000000001	0.161325610446924
0.612000000000001	0.160812928959511
0.613000000000001	0.160301384291791
0.614000000000001	0.159790983802811
0.615000000000001	0.159281734686609
0.616000000000001	0.158773643973906
0.617000000000001	0.158266718533806
0.618000000000001	0.157760965075482
0.619000000000001	0.157256390149858
0.620000000000001	0.156753000151291
0.621000000000001	0.156250801319244
0.622000000000001	0.155749799739952
0.623000000000001	0.155250001348081
0.624000000000001	0.154751411928391
0.625000000000001	0.154254037117377
0.626000000000001	0.153757882404915
0.627000000000001	0.153262953135896
0.628000000000001	0.152769254511857
0.629000000000001	0.152276791592597
0.630000000000001	0.151785569297797
0.631000000000001	0.15129559240862
0.632000000000001	0.150806865569312
0.633000000000001	0.150319393288792
0.634000000000001	0.149833179942234
0.635000000000001	0.149348229772639
0.636000000000001	0.148864546892403
0.637000000000001	0.14838213528487
0.638000000000001	0.147900998805885
0.639000000000001	0.147421141185327
0.640000000000001	0.146942566028641
0.641000000000001	0.146465276818363
0.642000000000001	0.145989276915625
0.643000000000001	0.145514569561659
0.644000000000001	0.145041157879293
0.645000000000001	0.14456904487443
0.646000000000001	0.144098233437523
0.647000000000001	0.143628726345039
0.648000000000001	0.14316052626091
0.649000000000001	0.142693635737982
0.650000000000001	0.142228057219441
0.651000000000001	0.141763793040244
0.652000000000001	0.141300845428527
0.653000000000001	0.140839216507012
0.654000000000001	0.140378908294397
0.655000000000001	0.139919922706739
0.656000000000001	0.139462261558826
0.657000000000001	0.139005926565541
0.658000000000001	0.138550919343209
0.659000000000001	0.138097241410938
0.660000000000001	0.137644894191952
0.661000000000001	0.137193879014908
0.662000000000001	0.136744197115203
0.663000000000001	0.136295849636275
0.664000000000001	0.135848837630888
0.665000000000001	0.135403162062408
0.666000000000001	0.13495882380607
0.667000000000001	0.134515823650232
0.668000000000001	0.13407416229762
0.669000000000001	0.133633840366558
0.670000000000001	0.133194858392196
0.671000000000001	0.132757216827715
0.672000000000001	0.132320916045533
0.673000000000001	0.131885956338492
0.674000000000001	0.131452337921039
0.675000000000001	0.131020060930393
0.676000000000001	0.130589125427705
0.677000000000001	0.130159531399199
0.678000000000001	0.129731278757315
0.679000000000001	0.129304367341832
0.680000000000001	0.128878796920979
0.681000000000001	0.128454567192544
0.682000000000001	0.128031677784966
0.683000000000001	0.127610128258414
0.684000000000001	0.127189918105863
0.685000000000001	0.126771046754154
0.686000000000001	0.126353513565044
0.687000000000001	0.125937317836249
0.688000000000001	0.125522458802468
0.689000000000001	0.12510893563641
0.690000000000001	0.124696747449797
0.691000000000001	0.124285893294365
0.692000000000001	0.123876372162849
0.693000000000001	0.123468182989968
0.694000000000001	0.123061324653385
0.695000000000001	0.122655795974666
0.696000000000001	0.122251595720232
0.697000000000001	0.121848722602291
0.698000000000001	0.121447175279765
0.699000000000001	0.121046952359211
0.700000000000001	0.120648052395725
0.701000000000001	0.120250473893839
0.702000000000001	0.119854215308409
0.703000000000001	0.119459275045493
0.704000000000001	0.119065651463217
0.705000000000001	0.118673342872636
0.706000000000001	0.118282347538577
0.707000000000001	0.117892663680483
0.708000000000001	0.117504289473241
0.709000000000001	0.117117223048 
0.710000000000001	0.11673146249298
0.711000000000001	0.11634700585428
0.712000000000001	0.115963851136659
0.713000000000001	0.11558199630433
0.714000000000001	0.115201439281724
0.715000000000001	0.114822177954257
0.716000000000001	0.11444421016909
0.717000000000001	0.114067533735867
0.718000000000001	0.113692146427457
0.719000000000001	0.113318045980684
0.720000000000001	0.112945230097042
0.721000000000001	0.112573696443409
0.722000000000001	0.112203442652747
0.723000000000001	0.111834466324799
0.724000000000001	0.111466765026772
0.725000000000001	0.111100336294013
0.726000000000001	0.110735177630678
0.727000000000001	0.110371286510393
0.728000000000001	0.110008660376904
0.729000000000001	0.109647296644723
0.730000000000001	0.109287192699759
0.731000000000001	0.108928345899951
0.732000000000001	0.108570753575882
0.733000000000001	0.108214413031397
0.734000000000001	0.107859321544197
0.735000000000001	0.107505476366446
0.736000000000001	0.10715287472535
0.737000000000001	0.106801513823742
0.738000000000001	0.106451390840655
0.739000000000001	0.106102502931884
0.740000000000001	0.105754847230549
0.741000000000001	0.105408420847641
0.742000000000001	0.105063220872568
0.743000000000001	0.10471924437369
0.744000000000001	0.104376488398848
0.745000000000001	0.104034949975885
0.746000000000001	0.103694626113163
0.747000000000001	0.103355513800067
0.748000000000001	0.103017610007511
0.749000000000001	0.102680911688425
0.750000000000001	0.102345415778251
0.751000000000001	0.102011119195415
0.752000000000001	0.101678018841805
0.753000000000001	0.101346111603239
0.754000000000001	0.101015394349925
0.755000000000001	0.100685863936914
0.756000000000001	0.100357517204548
0.757000000000001	0.100030350978905
0.758000000000001	0.0997043620722297
0.759000000000001	0.0993795472833664
0.760000000000001	0.0990559033981801
0.761000000000001	0.0987334271899738
0.762000000000001	0.0984121154199002
0.763000000000001	0.098091964837366
0.764000000000001	0.0977729721804316
0.765000000000001	0.0974551341762044
0.766000000000001	0.0971384475412262
0.767000000000001	0.0968229089818555
0.768000000000001	0.0965085151946437
0.769000000000001	0.0961952628667059
0.770000000000001	0.0958831486760861
0.771000000000001	0.0955721692921171
0.772000000000001	0.0952623213757747
0.773000000000001	0.0949536015800275
0.774000000000001	0.0946460065501799
0.775000000000001	0.0943395329242112
0.776000000000001	0.0940341773331091
0.777000000000001	0.093729936401198
0.778000000000001	0.0934268067464622
0.779000000000001	0.0931247849808647
0.780000000000001	0.0928238677106602
0.781000000000001	0.0925240515367042
0.782000000000001	0.0922253330547563
0.783000000000001	0.0919277088557794
0.784000000000001	0.0916311755262343
0.785000000000001	0.091335729648369
0.786000000000001	0.0910413678005041
0.787000000000001	0.0907480865573131
0.788000000000001	0.0904558824900988
0.789000000000001	0.0901647521670645
0.790000000000001	0.0898746921535817
0.791000000000001	0.089585699012453
0.792000000000001	0.0892977693041704
0.793000000000001	0.0890108995871701
0.794000000000001	0.0887250864180827
0.795000000000001	0.0884403263519792
0.796000000000001	0.0881566159426132
0.797000000000001	0.0878739517426591
0.798000000000001	0.0875923303039458
0.799000000000001	0.0873117481776871
0.800000000000001	0.087032201914708
0.801000000000001	0.0867536880656671
0.802000000000001	0.0864762031812751
0.803000000000001	0.0861997438125099
0.804000000000001	0.0859243065108279
0.805000000000001	0.0856498878283713
0.806000000000001	0.0853764843181725
0.807000000000001	0.0851040925343541
0.808000000000001	0.0848327090323262
0.809000000000001	0.0845623303689797
0.810000000000001	0.0842929531028763
0.811000000000001	0.0840245737944352
0.812000000000001	0.0837571890061167
0.813000000000001	0.083490795302602
0.814000000000002	0.0832253892509697
0.815000000000002	0.0829609674208702
0.816000000000002	0.0826975263846954
0.817000000000002	0.0824350627177463
0.818000000000002	0.0821735729983974
0.819000000000002	0.0819130538082576
0.820000000000002	0.0816535017323284
0.821000000000002	0.0813949133591593
0.822000000000002	0.0811372852809999
0.823000000000002	0.0808806140939496
0.824000000000002	0.0806248963981036
0.825000000000002	0.0803701287976975
0.826000000000002	0.0801163079012475
0.827000000000002	0.0798634303216889
0.828000000000002	0.079611492676512
0.829000000000002	0.0793604915878943
0.830000000000002	0.0791104236828316
0.831000000000002	0.0788612855932647
0.832000000000002	0.0786130739562054
0.833000000000002	0.0783657854138585
0.834000000000002	0.0781194166137424
0.835000000000002	0.0778739642088063
0.836000000000002	0.0776294248575454
0.837000000000002	0.0773857952241145
0.838000000000002	0.0771430719784375
0.839000000000002	0.0769012517963163
0.840000000000002	0.0766603313595363
0.841000000000002	0.0764203073559703
0.842000000000002	0.0761811764796798
0.843000000000002	0.0759429354310141
0.844000000000002	0.0757055809167076
0.845000000000002	0.0754691096499745
0.846000000000002	0.0752335183506016
0.847000000000002	0.0749988037450396
0.848000000000002	0.0747649625664909
0.849000000000002	0.074531991554997
0.850000000000002	0.0742998874575231
0.851000000000002	0.0740686470280405
0.852000000000002	0.0738382670276079
0.853000000000002	0.0736087442244499
0.854000000000002	0.0733800753940346
0.855000000000002	0.073152257319148
0.856000000000002	0.0729252867899682
0.857000000000002	0.0726991606041365
0.858000000000002	0.0724738755668276
0.859000000000002	0.0722494284908172
0.860000000000002	0.0720258161965488
0.861000000000002	0.0718030355121983
0.862000000000002	0.0715810832737369
0.863000000000002	0.0713599563249926
0.864000000000002	0.0711396515177099
0.865000000000002	0.0709201657116079
0.866000000000002	0.0707014957744372
0.867000000000002	0.0704836385820347
0.868000000000002	0.0702665910183772
0.869000000000002	0.0700503499756334
0.870000000000002	0.0698349123542147
0.871000000000002	0.069620275062824
0.872000000000002	0.0694064350185037
0.873000000000002	0.0691933891466817
0.874000000000002	0.0689811343812164
0.875000000000002	0.0687696676644405
0.876000000000002	0.0685589859472026
0.877000000000002	0.0683490861889086
0.878000000000002	0.0681399653575608
0.879000000000002	0.0679316204297967
0.880000000000002	0.0677240483909256
0.881000000000002	0.0675172462349642
0.882000000000002	0.0673112109646719
0.883000000000002	0.0671059395915833
0.884000000000002	0.0669014291360408
0.885000000000002	0.0666976766272255
0.886000000000002	0.0664946791031868
0.887000000000002	0.0662924336108717
0.888000000000002	0.0660909372061515
0.889000000000002	0.0658901869538493
0.890000000000002	0.0656901799277644
0.891000000000002	0.0654909132106976
0.892000000000002	0.0652923838944738
0.893000000000002	0.0650945890799646
0.894000000000002	0.0648975258771097
0.895000000000002	0.0647011914049369
0.896000000000002	0.0645055827915816
0.897000000000002	0.0643106971743051
0.898000000000002	0.0641165316995119
0.899000000000002	0.0639230835227665
0.900000000000002	0.0637303498088087
0.901000000000002	0.0635383277315681
0.902000000000002	0.0633470144741785
0.903000000000002	0.0631564072289901
0.904000000000002	0.0629665031975822
0.905000000000002	0.0627772995907738
0.906000000000002	0.0625887936286346
0.907000000000002	0.0624009825404943
0.908000000000002	0.0622138635649512
0.909000000000002	0.0620274339498807
0.910000000000002	0.0618416909524421
0.911000000000002	0.0616566318390853
0.912000000000002	0.0614722538855566
0.913000000000002	0.0612885543769034
0.914000000000002	0.0611055306074791
0.915000000000002	0.0609231798809458
0.916000000000002	0.0607414995102782
0.917000000000002	0.060560486817765
0.918000000000002	0.0603801391350108
0.919000000000002	0.0602004538029372
0.920000000000002	0.0600214281717825
0.921000000000002	0.059843059601102
0.922000000000002	0.0596653454597663
0.923000000000002	0.0594882831259602
0.924000000000002	0.0593118699871805
0.925000000000002	0.0591361034402326
0.926000000000002	0.0589609808912278
0.927000000000002	0.0587864997555791
0.928000000000002	0.0586126574579967
0.929000000000002	0.0584394514324829
0.930000000000002	0.0582668791223266
0.931000000000002	0.0580949379800972
0.932000000000002	0.057923625467638
0.933000000000002	0.057752939056059
0.934000000000002	0.0575828762257293
0.935000000000002	0.0574134344662689
0.936000000000002	0.0572446112765406
0.937000000000002	0.0570764041646401
0.938000000000002	0.0569088106478875
0.939000000000002	0.0567418282528163
0.940000000000002	0.056575454515164
0.941000000000002	0.0564096869798604
0.942000000000002	0.0562445232010169
0.943000000000002	0.0560799607419148
0.944000000000002	0.0559159971749928
0.945000000000002	0.0557526300818353
0.946000000000002	0.0555898570531586
0.947000000000002	0.0554276756887983
0.948000000000002	0.0552660835976956
0.949000000000002	0.0551050783978832
0.950000000000002	0.0549446577164708
0.951000000000002	0.054784819189631
0.952000000000002	0.0546255604625834
0.953000000000002	0.05446687918958
0.954000000000002	0.0543087730338891
0.955000000000002	0.0541512396677793
0.956000000000002	0.0539942767725034
0.957000000000002	0.0538378820382813
0.958000000000002	0.0536820531642837
0.959000000000002	0.0535267878586142
0.960000000000002	0.0533720838382923
0.961000000000002	0.0532179388292351
0.962000000000002	0.0530643505662397
0.963000000000002	0.0529113167929646
0.964000000000002	0.0527588352619108
0.965000000000002	0.0526069037344038
0.966000000000002	0.0524555199805733
0.967000000000002	0.052304681779335
0.968000000000002	0.0521543869183699
0.969000000000002	0.0520046331941055
0.970000000000002	0.0518554184116948
0.971000000000002	0.0517067403849968
0.972000000000002	0.0515585969365555
0.973000000000002	0.0514109858975793
0.974000000000002	0.0512639051079201
0.975000000000002	0.0511173524160524
0.976000000000002	0.0509713256790515
0.977000000000002	0.0508258227625726
0.978000000000002	0.0506808415408284
0.979000000000002	0.050536379896568
0.980000000000002	0.0503924357210542
0.981000000000002	0.0502490069140419
0.982000000000002	0.0501060913837551
0.983000000000002	0.0499636870468648
0.984000000000002	0.0498217918284661
0.985000000000002	0.0496804036620556
0.986000000000002	0.0495395204895078
0.987000000000002	0.0493991402610529
0.988000000000002	0.0492592609352528
0.989000000000002	0.0491198804789777
0.990000000000002	0.048980996867383
0.991000000000002	0.0488426080838854
0.992000000000002	0.0487047121201391
0.993000000000002	0.0485673069760116
0.994000000000002	0.0484303906595605
0.995000000000002	0.0482939611870083
0.996000000000002	0.0481580165827192
0.997000000000002	0.0480225548791738
0.998000000000002	0.0478875741169454
0.999000000000002	0.0477530723446752
