-1             	-0.0476190476190476
-0.999         	-0.036445235802096
-0.998         	-0.0256274331442693
-0.997         	-0.0151588283251407
-0.996         	-0.00503270469130949
-0.995         	0.00475756074444219
-0.994         	0.014218498295835
-0.993         	0.0233565465876723
-0.992         	0.0321780535323642
-0.991         	0.0406892772984472
-0.99          	0.0488963872711491
-0.989         	0.0568054650050489
-0.988         	0.0644225051688822
-0.987         	0.0717534164825414
-0.986         	0.0788040226463193
-0.985         	0.0855800632624465
-0.984         	0.0920871947489706
-0.983         	0.0983309912460251
-0.982         	0.104316945514539
-0.981         	0.11005046982743
-0.98          	0.115536896853339
-0.979         	0.12078148053294
-0.978         	0.125789396947883
-0.977         	0.130565745182421
-0.976         	0.135115548177747
-0.975         	0.139443753579115
-0.974         	0.143555234575777
-0.973         	0.147454790733776
-0.972         	0.151147148821659
-0.971         	0.154636963629139
-0.97          	0.157928818778765
-0.969         	0.161027227530636
-0.968         	0.163936633580205
-0.967         	0.166661411849227
-0.966         	0.169205869269885
-0.965         	0.171574245562142
-0.964         	0.17377071400437
-0.963         	0.175799382197288
-0.962         	0.177664292821263
-0.961         	0.179369424387017
-0.96          	0.180918691979771
-0.959         	0.182315947996892
-0.958         	0.183564982879062
-0.957         	0.184669525835031
-0.956         	0.185633245559981
-0.955         	0.186459750947562
-0.954         	0.187152591795617
-0.953         	0.187715259505668
-0.952         	0.188151187776173
-0.951         	0.18846375328963
-0.95          	0.188656276393534
-0.949         	0.188732021775256
-0.948         	0.188694199130872
-0.947         	0.188545963827985
-0.946         	0.188290417562583
-0.945         	0.187930609009962
-0.944         	0.187469534469781
-0.943         	0.186910138505255
-0.942         	0.186255314576549
-0.941         	0.185507905668408
-0.94          	0.184670704912057
-0.939         	0.183746456201415
-0.938         	0.182737854803657
-0.937         	0.181647547964175
-0.936         	0.180478135505956
-0.935         	0.179232170423439
-0.934         	0.177912159470868
-0.933         	0.176520563745196
-0.932         	0.175059799263564
-0.931         	0.173532237535405
-0.93          	0.1719402061292
-0.929         	0.170285989233929
-0.928         	0.168571828215255
-0.927         	0.166799922166473
-0.926         	0.164972428454262
-0.925         	0.163091463259283
-0.924         	0.161159102111652
-0.923         	0.159177380421319
-0.922         	0.157148294003413
-0.921         	0.15507379959855
-0.92          	0.152955815388183
-0.919         	0.15079622150499
-0.918         	0.148596860538367
-0.917         	0.146359538035038
-0.916         	0.14408602299483
-0.915         	0.141778048361639
-0.914         	0.139437311509635
-0.913         	0.137065474724724
-0.912         	0.134664165681305
-0.911         	0.132234977914373
-0.91          	0.129779471286971
-0.909         	0.127299172453056
-0.908         	0.124795575315788
-0.907         	0.122270141481293
-0.906         	0.119724300707918
-0.905         	0.117159451351022
-0.904         	0.114576960803334
-0.903         	0.1119781659309
-0.902         	0.109364373504672
-0.901         	0.106736860627746
-0.9           	0.104096875158302
-0.899         	0.10144563612827
-0.898         	0.0987843341577432
-0.897         	0.0961141318651947
-0.896         	0.0934361642735024
-0.895         	0.0907515392118302
-0.894         	0.0880613377133906
-0.893         	0.0853666144091202
-0.892         	0.0826683979172981
-0.891         	0.0799676912291392
-0.89          	0.0772654720903912
-0.889         	0.0745626933789664
-0.888         	0.0718602834786379
-0.887         	0.0691591466488299
-0.886         	0.0664601633905321
-0.885         	0.063764190808367
-0.884         	0.0610720629688409
-0.883         	0.0583845912548054
-0.882         	0.055702564716161
-0.881         	0.0530267504168295
-0.88          	0.0503578937780251
-0.879         	0.0476967189178529
-0.878         	0.0450439289872615
-0.877         	0.0424002065023802
-0.876         	0.0397662136732667
-0.875         	0.0371425927290955
-0.874         	0.0345299662398114
-0.873         	0.0319289374342802
-0.872         	0.0293400905149591
-0.871         	0.0267639909691184
-0.87          	0.0242011858766384
-0.869         	0.0216522042144103
-0.868         	0.0191175571573678
-0.867         	0.0165977383761746
-0.866         	0.0140932243315961
-0.865         	0.0116044745655807
-0.864         	0.0091319319890771
-0.863         	0.00667602316661346
-0.862         	0.00423715859766492
-0.861         	0.00181573299483441
-0.86          	-0.000587874441126929
-0.859         	-0.00297329974943465
-0.858         	-0.00534019394049576
-0.857         	-0.00768822273021838
-0.856         	-0.0100170662773806
-0.855         	-0.0123264189240348
-0.854         	-0.0146159889389216
-0.853         	-0.0168854982638695
-0.852         	-0.0191346822631552
-0.851         	-0.0213632894758013
-0.85          	-0.0235710813707861
-0.849         	-0.0257578321051418
-0.848         	-0.0279233282849179
-0.847         	-0.0300673687289849
-0.846         	-0.0321897642356556
-0.845         	-0.0342903373521007
-0.844         	-0.0363689221465337
-0.843         	-0.0384253639831445
-0.842         	-0.0404595192997566
-0.841         	-0.0424712553881851
-0.84          	-0.044460450177275
-0.839         	-0.0464269920185931
-0.838         	-0.0483707794747558
-0.837         	-0.050291721110366
-0.836         	-0.0521897352855397
-0.835         	-0.0540647499519996
-0.834         	-0.0559167024517127
-0.833         	-0.0577455393180514
-0.832         	-0.0595512160794557
-0.831         	-0.0613336970655747
-0.83          	-0.0630929552158667
-0.829         	-0.0648289718906362
-0.828         	-0.0665417366844863
-0.827         	-0.0682312472421657
-0.826         	-0.0698975090767897
-0.825         	-0.0715405353904144
-0.824         	-0.0731603468969421
-0.823         	-0.0747569716473396
-0.822         	-0.076330444857147
-0.821         	-0.0778808087362576
-0.82          	-0.0794081123209492
-0.819         	-0.0809124113081456
-0.818         	-0.0823937678918888
-0.817         	-0.0838522506020032
-0.816         	-0.0852879341449302
-0.815         	-0.0867008992467155
-0.814         	-0.088091232498128
-0.813         	-0.0894590262018928
-0.812         	-0.0908043782220174
-0.811         	-0.0921273918351931
-0.81          	-0.0934281755842524
-0.809         	-0.0947068431336635
-0.808         	-0.0959635131270433
-0.807         	-0.0971983090466702
-0.806         	-0.0984113590749782
-0.805         	-0.0996027959580144
-0.804         	-0.100772756870841
-0.803         	-0.101921383284863
-0.802         	-0.10304882083707
-0.801         	-0.104155219201157
-0.8           	-0.105240731960535
-0.799         	-0.106305516483179
-0.798         	-0.107349733798331
-0.797         	-0.108373548475008
-0.796         	-0.109377128502327
-0.795         	-0.110360645171604
-0.794         	-0.111324272960231
-0.793         	-0.112268189417298
-0.792         	-0.113192575050958
-0.791         	-0.1140976132175
-0.79          	-0.114983490012134
-0.789         	-0.115850394161453
-0.788         	-0.11669851691757
-0.787         	-0.117528051953902
-0.786         	-0.118339195262595
-0.785         	-0.119132145053564
-0.784         	-0.119907101655143
-0.783         	-0.120664267416319
-0.782         	-0.121403846610538
-0.781         	-0.122126045341074
-0.78          	-0.122831071447928
-0.779         	-0.123519134416266
-0.778         	-0.124190445286357
-0.777         	-0.124845216565013
-0.776         	-0.1254836621385
-0.775         	-0.12610599718693
-0.774         	-0.126712438100084
-0.773         	-0.127303202394683
-0.772         	-0.127878508633077
-0.771         	-0.128438576343337
-0.77          	-0.128983625940739
-0.769         	-0.129513878650629
-0.768         	-0.130029556432645
-0.767         	-0.130530881906288
-0.766         	-0.131018078277834
-0.765         	-0.131491369268555
-0.764         	-0.131950979044257
-0.763         	-0.132397132146102
-0.762         	-0.132830053422714
-0.761         	-0.133249967963547
-0.76          	-0.133657101033505
-0.759         	-0.134051678008803
-0.758         	-0.134433924314046
-0.757         	-0.134804065360527
-0.756         	-0.135162326485716
-0.755         	-0.135508932893939
-0.754         	-0.13584410959823
-0.753         	-0.136168081363333
-0.752         	-0.136481072649866
-0.751         	-0.136783307559601
-0.75          	-0.137075009781881
-0.749         	-0.137356402541134
-0.748         	-0.13762770854549
-0.747         	-0.137889149936477
-0.746         	-0.138140948239793
-0.745         	-0.138383324317135
-0.744         	-0.138616498319073
-0.743         	-0.138840689638965
-0.742         	-0.139056116867893
-0.741         	-0.139262997750604
-0.74          	-0.139461549142463
-0.739         	-0.139651986967385
-0.738         	-0.139834526176747
-0.737         	-0.140009380709268
-0.736         	-0.140176763451832
-0.735         	-0.140336886201273
-0.734         	-0.140489959627067
-0.733         	-0.140636193234969
-0.732         	-0.140775795331538
-0.731         	-0.140908972989577
-0.73          	-0.141035932014446
-0.729         	-0.141156876911264
-0.728         	-0.141272010852971
-0.727         	-0.141381535649242
-0.726         	-0.141485651716254
-0.725         	-0.141584558047282
-0.724         	-0.141678452184118
-0.723         	-0.141767530189308
-0.722         	-0.141851986619186
-0.721         	-0.141932014497712
-0.72          	-0.14200780529108
-0.719         	-0.142079548883109
-0.718         	-0.142147433551394
-0.717         	-0.14221164594421
-0.716         	-0.14227237105816
-0.715         	-0.142329792216558
-0.714         	-0.142384091048537
-0.713         	-0.14243544746887
-0.712         	-0.142484039658499
-0.711         	-0.142530044045755
-0.71          	-0.142573635288276
-0.709         	-0.142614986255588
-0.708         	-0.142654268012367
-0.707         	-0.142691649802355
-0.706         	-0.142727299032926
-0.705         	-0.142761381260296
-0.704         	-0.142794060175362
-0.703         	-0.142825497590173
-0.702         	-0.142855853425005
-0.701         	-0.142885285696054
-0.7           	-0.142913950503718
-0.699         	-0.142942002021474
-0.698         	-0.142969592485334
-0.697         	-0.142996872183878
-0.696         	-0.143023989448841
-0.695         	-0.143051090646273
-0.694         	-0.14307832016823
-0.693         	-0.143105820425017
-0.692         	-0.143133731837961
-0.691         	-0.143162192832703
-0.69          	-0.143191339833012
-0.689         	-0.143221307255106
-0.688         	-0.143252227502475
-0.687         	-0.143284230961196
-0.686         	-0.143317445995729
-0.685         	-0.143351998945203
-0.684         	-0.143388014120163
-0.683         	-0.143425613799782
-0.682         	-0.143464918229529
-0.681         	-0.143506045619291
-0.68          	-0.143549112141929
-0.679         	-0.143594231932273
-0.678         	-0.143641517086541
-0.677         	-0.143691077662184
-0.676         	-0.143743021678137
-0.675         	-0.143797455115481
-0.674         	-0.143854481918506
-0.673         	-0.143914203996163
-0.672         	-0.143976721223902
-0.671         	-0.144042131445894
-0.67          	-0.144110530477625
-0.669         	-0.14418201210885
-0.668         	-0.144256668106914
-0.667         	-0.144334588220427
-0.666         	-0.144415860183281
-0.665         	-0.14450056971901
-0.664         	-0.144588800545489
-0.663         	-0.144680634379953
-0.662         	-0.14477615094435
-0.661         	-0.144875427970999
-0.66          	-0.144978541208564
-0.659         	-0.145085564428335
-0.658         	-0.145196569430804
-0.657         	-0.145311626052531
-0.656         	-0.145430802173305
-0.655         	-0.145554163723582
-0.654         	-0.145681774692195
-0.653         	-0.145813697134343
-0.652         	-0.145949991179834
-0.651         	-0.146090715041598
-0.65          	-0.146235925024447
-0.649         	-0.14638567553408
-0.648         	-0.146540019086345
-0.647         	-0.146699006316718
-0.646         	-0.146862685990038
-0.645         	-0.147031105010445
-0.644         	-0.147204308431564
-0.643         	-0.147382339466886
-0.642         	-0.147565239500373
-0.641         	-0.147753048097267
-0.64          	-0.147945803015102
-0.639         	-0.14814354021491
-0.638         	-0.148346293872625
-0.637         	-0.148554096390669
-0.636         	-0.148766978409729
-0.635         	-0.148984968820703
-0.634         	-0.149208094776826
-0.633         	-0.149436381705965
-0.632         	-0.149669853323078
-0.631         	-0.149908531642831
-0.63          	-0.150152436992375
-0.629         	-0.150401588024272
-0.628         	-0.150656001729568
-0.627         	-0.150915693451013
-0.626         	-0.151180676896412
-0.625         	-0.151450964152118
-0.624         	-0.151726565696655
-0.623         	-0.15200749041446
-0.622         	-0.152293745609754
-0.621         	-0.152585337020534
-0.62          	-0.152882268832667
-0.619         	-0.153184543694112
-0.618         	-0.15349216272923
-0.617         	-0.153805125553213
-0.616         	-0.154123430286602
-0.615         	-0.154447073569903
-0.614         	-0.154776050578295
-0.613         	-0.155110355036427
-0.612         	-0.155449979233298
-0.611         	-0.155794914037217
-0.61          	-0.156145148910842
-0.609         	-0.156500671926291
-0.608         	-0.156861469780329
-0.607         	-0.15722752780961
-0.606         	-0.157598830005996
-0.605         	-0.157975359031931
-0.604         	-0.158357096235867
-0.603         	-0.158744021667751
-0.602         	-0.159136114094561
-0.601         	-0.159533351015888
-0.6           	-0.159935708679561
-0.599         	-0.160343162097319
-0.598         	-0.160755685060514
-0.597         	-0.161173250155857
-0.596         	-0.161595828781188
-0.595         	-0.162023391161282
-0.594         	-0.162455906363683
-0.593         	-0.162893342314548
-0.592         	-0.163335665814535
-0.591         	-0.163782842554684
-0.59          	-0.164234837132337
-0.589         	-0.164691613067048
-0.588         	-0.165153132816525
-0.587         	-0.165619357792562
-0.586         	-0.166090248376986
-0.585         	-0.166565763937601
-0.584         	-0.167045862844138
-0.583         	-0.167530502484193
-0.582         	-0.168019639279171
-0.581         	-0.168513228700212
-0.58          	-0.169011225284117
-0.579         	-0.169513582649251
-0.578         	-0.170020253511442
-0.577         	-0.170531189699858
-0.576         	-0.171046342172863
-0.575         	-0.171565661033855
-0.574         	-0.172089095547085
-0.573         	-0.172616594153437
-0.572         	-0.173148104486196
-0.571         	-0.173683573386774
-0.57          	-0.174222946920415
-0.569         	-0.174766170391855
-0.568         	-0.175313188360954
-0.567         	-0.175863944658292
-0.566         	-0.176418382400714
-0.565         	-0.176976444006848
-0.564         	-0.17753807121257
-0.563         	-0.178103205086427
-0.562         	-0.178671786045011
-0.561         	-0.179243753868291
-0.56          	-0.179819047714883
-0.559         	-0.180397606137281
-0.558         	-0.180979367097021
-0.557         	-0.181564267979801
-0.556         	-0.182152245610537
-0.555         	-0.182743236268364
-0.554         	-0.183337175701572
-0.553         	-0.183933999142485
-0.552         	-0.184533641322276
-0.551         	-0.185136036485714
-0.55          	-0.185741118405849
-0.549         	-0.186348820398625
-0.548         	-0.186959075337428
-0.547         	-0.187571815667562
-0.546         	-0.188186973420652
-0.545         	-0.188804480228976
-0.544         	-0.189424267339719
-0.543         	-0.190046265629159
-0.542         	-0.190670405616765
-0.541         	-0.191296617479229
-0.54          	-0.191924831064408
-0.539         	-0.192554975905192
-0.538         	-0.19318698123329
-0.537         	-0.193820775992929
-0.536         	-0.194456288854476
-0.535         	-0.195093448227966
-0.534         	-0.195732182276556
-0.533         	-0.19637241892988
-0.532         	-0.197014085897325
-0.531         	-0.197657110681212
-0.53          	-0.198301420589892
-0.529         	-0.198946942750747
-0.528         	-0.199593604123106
-0.527         	-0.200241331511056
-0.526         	-0.200890051576176
-0.525         	-0.20153969085016
-0.524         	-0.202190175747362
-0.523         	-0.202841432577228
-0.522         	-0.203493387556645
-0.521         	-0.204145966822185
-0.52          	-0.204799096442254
-0.519         	-0.205452702429143
-0.518         	-0.206106710750973
-0.517         	-0.20676104734355
-0.516         	-0.207415638122111
-0.515         	-0.208070408992975
-0.514         	-0.208725285865083
-0.513         	-0.209380194661446
-0.512         	-0.210035061330481
-0.511         	-0.21068981185725
-0.51          	-0.211344372274591
-0.509         	-0.211998668674142
-0.508         	-0.212652627217269
-0.507         	-0.213306174145876
-0.506         	-0.213959235793116
-0.505         	-0.214611738593999
-0.504         	-0.215263609095881
-0.503         	-0.215914773968859
-0.502         	-0.216565160016049
-0.501         	-0.21721469418376
-0.5           	-0.217863303571557
-0.499         	-0.218510915442219
-0.498         	-0.219157457231584
-0.497         	-0.219802856558285
-0.496         	-0.22044704123338
-0.495         	-0.221089939269867
-0.494         	-0.221731478892094
-0.493         	-0.222371588545053
-0.492         	-0.223010196903568
-0.491         	-0.223647232881369
-0.49          	-0.224282625640059
-0.489         	-0.224916304597963
-0.488         	-0.225548199438875
-0.487         	-0.226178240120685
-0.486         	-0.226806356883899
-0.485         	-0.227432480260046
-0.484         	-0.228056541079976
-0.483         	-0.228678470482039
-0.482         	-0.229298199920162
-0.481         	-0.229915661171805
-0.48          	-0.230530786345812
-0.479         	-0.231143507890147
-0.478         	-0.231753758599514
-0.477         	-0.232361471622877
-0.476         	-0.232966580470853
-0.475         	-0.233569019023005
-0.474         	-0.234168721535015
-0.473         	-0.234765622645755
-0.472         	-0.235359657384233
-0.471         	-0.23595076117644
-0.47          	-0.23653886985208
-0.469         	-0.237123919651184
-0.468         	-0.237705847230625
-0.467         	-0.23828458967051
-0.466         	-0.238860084480465
-0.465         	-0.239432269605813
-0.464         	-0.240001083433637
-0.463         	-0.240566464798736
-0.462         	-0.241128352989464
-0.461         	-0.241686687753469
-0.46          	-0.242241409303315
-0.459         	-0.242792458321995
-0.458         	-0.243339775968341
-0.457         	-0.243883303882315
-0.456         	-0.2444229841902
-0.455         	-0.244958759509678
-0.454         	-0.245490572954803
-0.453         	-0.246018368140859
-0.452         	-0.246542089189121
-0.451         	-0.247061680731501
-0.45          	-0.24757708791509
-0.449         	-0.248088256406591
-0.448         	-0.248595132396649
-0.447         	-0.249097662604074
-0.446         	-0.249595794279956
-0.445         	-0.250089475211681
-0.444         	-0.250578653726833
-0.443         	-0.251063278697003
-0.442         	-0.251543299541479
-0.441         	-0.252018666230853
-0.44          	-0.252489329290502
-0.439         	-0.252955239803984
-0.438         	-0.253416349416325
-0.436999999999999	-0.2538726103372
-0.435999999999999	-0.254323975344023
-0.434999999999999	-0.254770397784924
-0.433999999999999	-0.255211831581636
-0.432999999999999	-0.255648231232276
-0.431999999999999	-0.256079551814027
-0.430999999999999	-0.256505748985726
-0.429999999999999	-0.256926778990343
-0.428999999999999	-0.257342598657374
-0.427999999999999	-0.257753165405131
-0.426999999999999	-0.25815843724293
-0.425999999999999	-0.258558372773193
-0.424999999999999	-0.258952931193446
-0.423999999999999	-0.259342072298225
-0.422999999999999	-0.259725756480886
-0.421999999999999	-0.260103944735321
-0.420999999999999	-0.26047659865758
-0.419999999999999	-0.260843680447402
-0.418999999999999	-0.261205152909648
-0.417999999999999	-0.261560979455649
-0.416999999999999	-0.261911124104458
-0.415999999999999	-0.262255551484011
-0.414999999999999	-0.262594226832197
-0.413999999999999	-0.262927115997847
-0.412999999999999	-0.263254185441618
-0.411999999999999	-0.263575402236806
-0.410999999999999	-0.263890734070055
-0.409999999999999	-0.264200149241992
-0.408999999999999	-0.264503616667767
-0.407999999999999	-0.264801105877509
-0.406999999999999	-0.265092587016702
-0.405999999999999	-0.265378030846464
-0.404999999999999	-0.265657408743756
-0.403999999999999	-0.265930692701497
-0.402999999999999	-0.266197855328603
-0.401999999999999	-0.266458869849938
-0.400999999999999	-0.266713710106189
-0.399999999999999	-0.266962350553655
-0.398999999999999	-0.26720476626396
-0.397999999999999	-0.267440932923686
-0.396999999999999	-0.267670826833923
-0.395999999999999	-0.267894424909746
-0.394999999999999	-0.268111704679611
-0.393999999999999	-0.268322644284676
-0.392999999999999	-0.268527222478047
-0.391999999999999	-0.268725418623942
-0.390999999999999	-0.26891721269679
-0.389999999999999	-0.26910258528025
-0.388999999999999	-0.269281517566155
-0.387999999999999	-0.26945399135339
-0.386999999999999	-0.269619989046689
-0.385999999999999	-0.269779493655371
-0.384999999999999	-0.269932488791996
-0.383999999999999	-0.270078958670957
-0.382999999999999	-0.270218888107003
-0.381999999999999	-0.270352262513686
-0.380999999999999	-0.270479067901754
-0.379999999999999	-0.270599290877462
-0.378999999999999	-0.270712918640828
-0.377999999999999	-0.270819938983816
-0.376999999999999	-0.270920340288459
-0.375999999999999	-0.27101411152492
-0.374999999999999	-0.271101242249476
-0.373999999999999	-0.271181722602461
-0.372999999999999	-0.271255543306125
-0.371999999999999	-0.27132269566245
-0.370999999999999	-0.271383171550891
-0.369999999999999	-0.271436963426071
-0.368999999999999	-0.271484064315402
-0.367999999999999	-0.271524467816663
-0.366999999999999	-0.271558168095506
-0.365999999999999	-0.271585159882921
-0.364999999999999	-0.271605438472627
-0.363999999999999	-0.271618999718423
-0.362999999999999	-0.271625840031477
-0.361999999999999	-0.271625956377563
-0.360999999999999	-0.271619346274242
-0.359999999999999	-0.271606007787998
-0.358999999999999	-0.271585939531311
-0.357999999999999	-0.271559140659691
-0.356999999999999	-0.271525610868657
-0.355999999999999	-0.27148535039066
-0.354999999999999	-0.271438359991972
-0.353999999999999	-0.271384640969511
-0.352999999999999	-0.271324195147631
-0.351999999999999	-0.271257024874862
-0.350999999999999	-0.271183133020599
-0.349999999999999	-0.271102522971754
-0.348999999999999	-0.271015198629359
-0.347999999999999	-0.270921164405129
-0.346999999999999	-0.270820425217976
-0.345999999999999	-0.270712986490489
-0.344999999999999	-0.27059885414537
-0.343999999999999	-0.270478034601823
-0.342999999999999	-0.270350534771914
-0.341999999999999	-0.270216362056884
-0.340999999999999	-0.270075524343429
-0.339999999999999	-0.269928029999937
-0.338999999999999	-0.269773887872693
-0.337999999999999	-0.269613107282046
-0.336999999999999	-0.269445698018541
-0.335999999999999	-0.269271670339014
-0.334999999999999	-0.269091034962659
-0.333999999999999	-0.268903803067055
-0.332999999999999	-0.268709986284163
-0.331999999999999	-0.268509596696296
-0.330999999999999	-0.268302646832052
-0.329999999999999	-0.268089149662216
-0.328999999999999	-0.26786911859564
-0.327999999999999	-0.267642567475086
-0.326999999999999	-0.267409510573044
-0.325999999999999	-0.267169962587528
-0.324999999999999	-0.266923938637832
-0.323999999999999	-0.266671454260276
-0.322999999999999	-0.266412525403916
-0.321999999999999	-0.26614716842623
-0.320999999999999	-0.265875400088788
-0.319999999999999	-0.265597237552887
-0.318999999999999	-0.265312698375178
-0.317999999999999	-0.265021800503256
-0.316999999999999	-0.264724562271241
-0.315999999999999	-0.264421002395331
-0.314999999999999	-0.264111139969343
-0.313999999999999	-0.263794994460225
-0.312999999999999	-0.263472585703557
-0.311999999999999	-0.263143933899036
-0.310999999999999	-0.262809059605934
-0.309999999999999	-0.262467983738554
-0.308999999999999	-0.262120727561656
-0.307999999999999	-0.261767312685882
-0.306999999999999	-0.261407761063153
-0.305999999999999	-0.261042094982064
-0.304999999999999	-0.26067033706326
-0.303999999999999	-0.260292510254801
-0.302999999999999	-0.259908637827517
-0.301999999999999	-0.259518743370348
-0.300999999999999	-0.259122850785683
-0.299999999999999	-0.258720984284673
-0.298999999999999	-0.258313168382557
-0.297999999999999	-0.257899427893958
-0.296999999999999	-0.257479787928188
-0.295999999999999	-0.257054273884535
-0.294999999999999	-0.25662291144755
-0.293999999999999	-0.256185726582326
-0.292999999999999	-0.255742745529773
-0.291999999999999	-0.255293994801885
-0.290999999999999	-0.25483950117701
-0.289999999999999	-0.254379291695109
-0.288999999999999	-0.253913393653017
-0.287999999999999	-0.253441834599702
-0.286999999999999	-0.252964642331521
-0.285999999999999	-0.252481844887477
-0.284999999999999	-0.251993470544472
-0.283999999999999	-0.251499547812565
-0.282999999999999	-0.251000105430231
-0.281999999999999	-0.250495172359616
-0.280999999999999	-0.249984777781801
-0.279999999999999	-0.249468951092064
-0.278999999999999	-0.248947721895148
-0.277999999999999	-0.248421120000531
-0.276999999999999	-0.247889175417703
-0.275999999999999	-0.247351918351448
-0.274999999999999	-0.246809379197125
-0.273999999999999	-0.246261588535966
-0.272999999999999	-0.245708577130373
-0.271999999999999	-0.245150375919226
-0.270999999999999	-0.244587016013194
-0.269999999999999	-0.244018528690061
-0.268999999999999	-0.243444945390058
-0.267999999999999	-0.242866297711204
-0.266999999999999	-0.242282617404654
-0.265999999999999	-0.241693936370067
-0.264999999999999	-0.241100286650972
-0.263999999999999	-0.24050170043016
-0.262999999999999	-0.239898210025075
-0.261999999999999	-0.239289847883224
-0.260999999999999	-0.238676646577604
-0.259999999999999	-0.238058638802132
-0.258999999999999	-0.237435857367098
-0.257999999999999	-0.236808335194631
-0.256999999999999	-0.236176105314178
-0.255999999999999	-0.235539200857998
-0.254999999999999	-0.234897655056675
-0.253999999999999	-0.234251501234646
-0.252999999999999	-0.233600772805749
-0.251999999999999	-0.232945503268779
-0.250999999999999	-0.232285726203076
-0.249999999999999	-0.231621475264119
-0.248999999999999	-0.230952784179146
-0.247999999999999	-0.230279686742793
-0.246999999999999	-0.229602216812748
-0.245999999999999	-0.22892040830543
-0.244999999999999	-0.228234295191686
-0.243999999999999	-0.227543911492512
-0.242999999999999	-0.226849291274793
-0.241999999999999	-0.226150468647063
-0.240999999999999	-0.225447477755292
-0.239999999999999	-0.224740352778696
-0.238999999999999	-0.224029127925563
-0.237999999999999	-0.22331383742911
-0.236999999999999	-0.222594515543362
-0.235999999999999	-0.221871196539054
-0.234999999999999	-0.221143914699559
-0.233999999999999	-0.220412704316837
-0.232999999999999	-0.219677599687421
-0.231999999999999	-0.218938635108415
-0.230999999999999	-0.218195844873525
-0.229999999999999	-0.217449263269117
-0.228999999999999	-0.216698924570305
-0.227999999999999	-0.215944863037055
-0.226999999999999	-0.215187112910328
-0.225999999999999	-0.214425708408251
-0.224999999999999	-0.213660683722304
-0.223999999999999	-0.212892073013554
-0.222999999999999	-0.2121199104089
-0.221999999999999	-0.211344229997363
-0.220999999999999	-0.210565065826393
-0.219999999999999	-0.209782451898215
-0.218999999999999	-0.208996422166203
-0.217999999999999	-0.208207010531279
-0.216999999999999	-0.207414250838352
-0.215999999999999	-0.206618176872784
-0.214999999999999	-0.205818822356886
-0.213999999999999	-0.205016220946445
-0.212999999999999	-0.204210406227291
-0.211999999999999	-0.203401411711889
-0.210999999999999	-0.202589270835964
-0.209999999999999	-0.20177401695516
-0.208999999999999	-0.200955683341739
-0.207999999999999	-0.200134303181299
-0.206999999999999	-0.199309909569541
-0.205999999999999	-0.19848253550906
-0.204999999999999	-0.197652213906174
-0.203999999999999	-0.196818977567786
-0.202999999999999	-0.195982859198285
-0.201999999999999	-0.195143891396473
-0.200999999999999	-0.194302106652539
-0.199999999999999	-0.193457537345059
-0.198999999999999	-0.192610215738032
-0.197999999999999	-0.191760173977961
-0.196999999999999	-0.190907444090961
-0.195999999999999	-0.190052057979901
-0.194999999999999	-0.189194047421597
-0.193999999999999	-0.188333444064024
-0.192999999999999	-0.187470279423575
-0.191999999999999	-0.186604584882357
-0.190999999999999	-0.18573639168552
-0.189999999999999	-0.184865730938626
-0.188999999999999	-0.183992633605055
-0.187999999999999	-0.183117130503445
-0.186999999999999	-0.182239252305182
-0.185999999999999	-0.181359029531909
-0.184999999999999	-0.180476492553091
-0.183999999999999	-0.179591671583608
-0.182999999999999	-0.178704596681389
-0.181999999999999	-0.177815297745085
-0.180999999999999	-0.176923804511781
-0.179999999999999	-0.176030146554745
-0.178999999999999	-0.175134353281221
-0.177999999999999	-0.174236453930249
-0.176999999999999	-0.173336477570544
-0.175999999999999	-0.17243445309839
-0.174999999999999	-0.171530409235597
-0.173999999999999	-0.170624374527479
-0.172999999999999	-0.169716377340883
-0.171999999999999	-0.168806445862251
-0.170999999999999	-0.167894608095727
-0.169999999999999	-0.166980891861298
-0.168999999999999	-0.166065324792981
-0.167999999999999	-0.165147934337044
-0.166999999999999	-0.164228747750273
-0.165999999999999	-0.163307792098273
-0.164999999999999	-0.162385094253814
-0.163999999999999	-0.161460680895213
-0.162999999999999	-0.160534578504761
-0.161999999999999	-0.159606813367186
-0.160999999999999	-0.158677411568158
-0.159999999999999	-0.157746398992835
-0.158999999999999	-0.156813801324446
-0.157999999999999	-0.15587964404292
-0.156999999999999	-0.15494395242355
-0.155999999999999	-0.1540067515357
-0.154999999999999	-0.153068066241554
-0.153999999999999	-0.152127921194898
-0.152999999999999	-0.151186340839954
-0.151999999999999	-0.150243349410244
-0.150999999999999	-0.149298970927498
-0.149999999999999	-0.148353229200607
-0.148999999999999	-0.147406147824607
-0.147999999999999	-0.146457750179712
-0.146999999999999	-0.14550805943038
-0.145999999999999	-0.144557098524429
-0.144999999999999	-0.143604890192179
-0.143999999999999	-0.142651456945649
-0.142999999999999	-0.141696821077785
-0.141999999999999	-0.140741004661729
-0.140999999999999	-0.139784029550131
-0.139999999999999	-0.138825917374499
-0.138999999999999	-0.13786668954459
-0.137999999999999	-0.136906367247839
-0.136999999999999	-0.13594497144883
-0.135999999999999	-0.134982522888804
-0.134999999999999	-0.13401904208521
-0.133999999999999	-0.133054549331291
-0.132999999999999	-0.132089064695717
-0.131999999999999	-0.131122608022245
-0.130999999999999	-0.130155198929433
-0.129999999999999	-0.129186856810382
-0.128999999999999	-0.128217600832521
-0.127999999999999	-0.12724744993743
-0.126999999999999	-0.126276422840706
-0.125999999999999	-0.125304538031861
-0.124999999999999	-0.124331813774262
-0.123999999999999	-0.123358268105111
-0.122999999999999	-0.12238391883546
-0.121999999999999	-0.121408783550268
-0.120999999999999	-0.120432879608489
-0.119999999999999	-0.119456224143208
-0.118999999999999	-0.118478834061808
-0.117999999999999	-0.117500726046175
-0.116999999999999	-0.116521916552941
-0.115999999999999	-0.115542421813767
-0.114999999999999	-0.114562257835661
-0.113999999999999	-0.113581440401329
-0.112999999999999	-0.112599985069574
-0.111999999999999	-0.111617907175717
-0.110999999999999	-0.110635221832069
-0.109999999999999	-0.109651943928425
-0.108999999999999	-0.108668088132608
-0.107999999999999	-0.107683668891039
-0.106999999999999	-0.106698700429345
-0.105999999999999	-0.105713196753008
-0.104999999999999	-0.104727171648041
-0.103999999999999	-0.103740638681704
-0.102999999999999	-0.102753611203256
-0.101999999999999	-0.101766102344738
-0.100999999999999	-0.100778125021792
-0.0999999999999992	-0.0997896919345185
-0.0989999999999992	-0.098800815568359
-0.0979999999999992	-0.0978115081950217
-0.0969999999999992	-0.0968217818734361
-0.0959999999999992	-0.0958316484507407
-0.0949999999999992	-0.0948411195633071
-0.0939999999999992	-0.0938502066377931
-0.0929999999999992	-0.0928589208922323
-0.0919999999999992	-0.0918672733371529
-0.0909999999999992	-0.0908752747767322
-0.0899999999999992	-0.0898829358099795
-0.0889999999999992	-0.0888902668319536
-0.0879999999999992	-0.0878972780350108
-0.0869999999999992	-0.0869039794100835
-0.0859999999999992	-0.0859103807479915
-0.0849999999999992	-0.0849164916407821
-0.0839999999999992	-0.0839223214831019
-0.0829999999999992	-0.0829278794735991
-0.0819999999999992	-0.0819331746163549
-0.0809999999999992	-0.0809382157223445
-0.0799999999999992	-0.0799430114109288
-0.0789999999999992	-0.0789475701113738
-0.0779999999999992	-0.0779519000643993
-0.0769999999999992	-0.076956009323757
-0.0759999999999992	-0.0759599057578357
-0.0749999999999992	-0.0749635970512949
-0.0739999999999992	-0.073967090706727
-0.0729999999999992	-0.0729703940463453
-0.0719999999999992	-0.0719735142137003
-0.0709999999999992	-0.0709764581754226
-0.0699999999999992	-0.0699792327229922
-0.0689999999999992	-0.0689818444745338
-0.0679999999999992	-0.0679842998766389
-0.0669999999999992	-0.0669866052062119
-0.0659999999999992	-0.0659887665723433
-0.0649999999999992	-0.0649907899182072
-0.0639999999999992	-0.0639926810229819
-0.0629999999999992	-0.0629944455037985
-0.0619999999999992	-0.0619960888177093
-0.0609999999999992	-0.060997616263683
-0.0599999999999992	-0.0599990329846221
-0.0589999999999992	-0.0590003439694032
-0.0579999999999992	-0.0580015540549407
-0.0569999999999992	-0.0570026679282718
-0.0559999999999992	-0.0560036901286656
-0.0549999999999992	-0.055004625049751
-0.0539999999999992	-0.0540054769416689
-0.0529999999999992	-0.0530062499132432
-0.0519999999999992	-0.0520069479341747
-0.0509999999999992	-0.0510075748372528
-0.0499999999999992	-0.0500081343205896
-0.0489999999999992	-0.0490086299498721
-0.0479999999999992	-0.0480090651606351
-0.0469999999999992	-0.0470094432605513
-0.0459999999999992	-0.0460097674317419
-0.0449999999999992	-0.0450100407331041
-0.0439999999999992	-0.0440102661026575
-0.0429999999999992	-0.0430104463599072
-0.0419999999999991	-0.042010584208225
-0.0409999999999991	-0.041010682237247
-0.0399999999999991	-0.0400107429252867
-0.0389999999999991	-0.0390107686417671
-0.0379999999999991	-0.038010761649665
-0.0369999999999991	-0.0370107241079734
-0.0359999999999991	-0.0360106580741774
-0.0349999999999991	-0.0350105655067458
-0.0339999999999991	-0.0340104482676362
-0.0329999999999991	-0.0330103081248145
-0.0319999999999991	-0.0320101467547871
-0.0309999999999991	-0.0310099657451482
-0.0299999999999991	-0.0300097665971377
-0.0289999999999991	-0.0290095507282133
-0.0279999999999991	-0.0280093194746326
-0.0269999999999991	-0.0270090740940496
-0.0259999999999991	-0.02600881576812
-0.0249999999999991	-0.0250085456051189
-0.0239999999999991	-0.0240082646425688
-0.0229999999999991	-0.0230079738498766
-0.0219999999999991	-0.0220076741309822
-0.0209999999999991	-0.0210073663270154
-0.0199999999999991	-0.0200070512189616
-0.0189999999999991	-0.0190067295303372
-0.0179999999999991	-0.0180064019298719
-0.0169999999999991	-0.0170060690341993
-0.0159999999999991	-0.0160057314105563
-0.0149999999999991	-0.015005389579487
-0.0139999999999991	-0.0140050440175555
-0.0129999999999991	-0.0130046951600637
-0.0119999999999991	-0.0120043434037765
-0.0109999999999991	-0.0110039891096493
-0.00999999999999912	-0.0100036326055655
-0.00899999999999912	-0.00900327418907378
-0.00799999999999912	-0.00800291413013313
-0.00699999999999912	-0.00700255267386011
-0.00599999999999912	-0.00600219004328032
-0.00499999999999912	-0.00500182644208302
-0.00399999999999912	-0.00400146205737846
-0.00299999999999912	-0.00300109706245648
-0.00199999999999912	-0.0020007316195496
-0.000999999999999119	-0.00100036588259483
8.81239525796218e-16	9.29811783123569e-16
0.00100000000000088	0.00100036588259675
0.00200000000000088	0.00200073161955144
0.00300000000000088	0.0030010970624583
0.00400000000000088	0.00400146205738029
0.00500000000000088	0.00500182644208497
0.00600000000000088	0.00600219004328222
0.00700000000000088	0.00700255267386186
0.00800000000000088	0.00800291413013492
0.00900000000000088	0.00900327418907562
0.0100000000000009	0.0100036326055674
0.0110000000000009	0.0110039891096513
0.0120000000000009	0.0120043434037784
0.0130000000000009	0.0130046951600657
0.0140000000000009	0.0140050440175573
0.0150000000000009	0.0150053895794888
0.0160000000000009	0.0160057314105581
0.0170000000000009	0.0170060690342012
0.0180000000000009	0.0180064019298736
0.0190000000000009	0.0190067295303391
0.0200000000000009	0.0200070512189635
0.0210000000000009	0.0210073663270172
0.0220000000000009	0.022007674130984
0.0230000000000009	0.0230079738498783
0.0240000000000009	0.0240082646425707
0.0250000000000009	0.0250085456051208
0.0260000000000009	0.0260088157681219
0.0270000000000009	0.0270090740940514
0.0280000000000009	0.0280093194746344
0.0290000000000009	0.029009550728215
0.0300000000000009	0.0300097665971396
0.0310000000000009	0.03100996574515
0.0320000000000009	0.0320101467547889
0.0330000000000009	0.0330103081248162
0.0340000000000009	0.0340104482676381
0.0350000000000009	0.0350105655067477
0.0360000000000009	0.0360106580741793
0.0370000000000009	0.0370107241079752
0.0380000000000009	0.0380107616496669
0.0390000000000009	0.0390107686417689
0.0400000000000009	0.0400107429252885
0.0410000000000009	0.0410106822372489
0.0420000000000009	0.0420105842082269
0.0430000000000009	0.0430104463599091
0.0440000000000009	0.0440102661026595
0.0450000000000009	0.045010040733106
0.0460000000000009	0.0460097674317437
0.0470000000000009	0.0470094432605532
0.0480000000000009	0.048009065160637
0.0490000000000009	0.0490086299498739
0.0500000000000009	0.0500081343205913
0.0510000000000009	0.0510075748372545
0.0520000000000009	0.0520069479341765
0.0530000000000009	0.0530062499132451
0.0540000000000009	0.0540054769416708
0.0550000000000009	0.055004625049753
0.0560000000000009	0.0560036901286675
0.0570000000000009	0.0570026679282737
0.0580000000000009	0.0580015540549425
0.0590000000000009	0.0590003439694051
0.0600000000000009	0.0599990329846239
0.0610000000000009	0.0609976162636847
0.0620000000000009	0.0619960888177111
0.0630000000000009	0.0629944455038002
0.0640000000000009	0.0639926810229838
0.0650000000000009	0.0649907899182089
0.0660000000000009	0.0659887665723451
0.0670000000000009	0.0669866052062138
0.0680000000000009	0.0679842998766407
0.0690000000000009	0.0689818444745358
0.0700000000000009	0.0699792327229939
0.0710000000000009	0.0709764581754245
0.0720000000000009	0.0719735142137022
0.0730000000000009	0.0729703940463473
0.0740000000000009	0.0739670907067288
0.0750000000000009	0.0749635970512968
0.0760000000000009	0.0759599057578376
0.0770000000000009	0.076956009323759
0.0780000000000009	0.0779519000644012
0.0790000000000009	0.0789475701113756
0.0800000000000009	0.0799430114109307
0.0810000000000009	0.0809382157223464
0.0820000000000009	0.0819331746163568
0.0830000000000009	0.0829278794736009
0.0840000000000009	0.0839223214831037
0.0850000000000009	0.0849164916407839
0.086000000000001	0.0859103807479934
0.087000000000001	0.0869039794100853
0.088000000000001	0.0878972780350127
0.089000000000001	0.0888902668319556
0.090000000000001	0.0898829358099813
0.091000000000001	0.090875274776734
0.092000000000001	0.0918672733371547
0.093000000000001	0.092858920892234
0.094000000000001	0.0938502066377949
0.095000000000001	0.0948411195633089
0.096000000000001	0.0958316484507427
0.097000000000001	0.0968217818734379
0.098000000000001	0.0978115081950236
0.099000000000001	0.0988008155683607
0.100000000000001	0.0997896919345204
0.101000000000001	0.100778125021794
0.102000000000001	0.10176610234474
0.103000000000001	0.102753611203258
0.104000000000001	0.103740638681706
0.105000000000001	0.104727171648043
0.106000000000001	0.10571319675301
0.107000000000001	0.106698700429347
0.108000000000001	0.107683668891041
0.109000000000001	0.10866808813261
0.110000000000001	0.109651943928427
0.111000000000001	0.11063522183207
0.112000000000001	0.111617907175719
0.113000000000001	0.112599985069576
0.114000000000001	0.113581440401331
0.115000000000001	0.114562257835662
0.116000000000001	0.115542421813769
0.117000000000001	0.116521916552943
0.118000000000001	0.117500726046177
0.119000000000001	0.11847883406181
0.120000000000001	0.11945622414321
0.121000000000001	0.120432879608491
0.122000000000001	0.12140878355027
0.123000000000001	0.122383918835462
0.124000000000001	0.123358268105113
0.125000000000001	0.124331813774264
0.126000000000001	0.125304538031863
0.127000000000001	0.126276422840708
0.128000000000001	0.127247449937432
0.129000000000001	0.128217600832522
0.130000000000001	0.129186856810384
0.131000000000001	0.130155198929435
0.132000000000001	0.131122608022247
0.133000000000001	0.132089064695719
0.134000000000001	0.133054549331293
0.135000000000001	0.134019042085212
0.136000000000001	0.134982522888806
0.137000000000001	0.135944971448832
0.138000000000001	0.136906367247841
0.139000000000001	0.137866689544592
0.140000000000001	0.138825917374501
0.141000000000001	0.139784029550133
0.142000000000001	0.140741004661731
0.143000000000001	0.141696821077787
0.144000000000001	0.142651456945651
0.145000000000001	0.143604890192181
0.146000000000001	0.14455709852443
0.147000000000001	0.145508059430382
0.148000000000001	0.146457750179713
0.149000000000001	0.147406147824609
0.150000000000001	0.148353229200609
0.151000000000001	0.1492989709275
0.152000000000001	0.150243349410245
0.153000000000001	0.151186340839956
0.154000000000001	0.1521279211949
0.155000000000001	0.153068066241556
0.156000000000001	0.154006751535702
0.157000000000001	0.154943952423551
0.158000000000001	0.155879644042921
0.159000000000001	0.156813801324447
0.160000000000001	0.157746398992837
0.161000000000001	0.15867741156816
0.162000000000001	0.159606813367188
0.163000000000001	0.160534578504762
0.164000000000001	0.161460680895214
0.165000000000001	0.162385094253815
0.166000000000001	0.163307792098275
0.167000000000001	0.164228747750275
0.168000000000001	0.165147934337046
0.169000000000001	0.166065324792982
0.170000000000001	0.166980891861299
0.171000000000001	0.167894608095729
0.172000000000001	0.168806445862253
0.173000000000001	0.169716377340884
0.174000000000001	0.170624374527481
0.175000000000001	0.171530409235598
0.176000000000001	0.172434453098392
0.177000000000001	0.173336477570545
0.178000000000001	0.174236453930251
0.179000000000001	0.175134353281222
0.180000000000001	0.176030146554747
0.181000000000001	0.176923804511782
0.182000000000001	0.177815297745087
0.183000000000001	0.17870459668139
0.184000000000001	0.17959167158361
0.185000000000001	0.180476492553093
0.186000000000001	0.18135902953191
0.187000000000001	0.182239252305183
0.188000000000001	0.183117130503447
0.189000000000001	0.183992633605056
0.190000000000001	0.184865730938628
0.191000000000001	0.185736391685522
0.192000000000001	0.186604584882359
0.193000000000001	0.187470279423576
0.194000000000001	0.188333444064025
0.195000000000001	0.189194047421599
0.196000000000001	0.190052057979903
0.197000000000001	0.190907444090962
0.198000000000001	0.191760173977963
0.199000000000001	0.192610215738033
0.200000000000001	0.19345753734506
0.201000000000001	0.194302106652541
0.202000000000001	0.195143891396475
0.203000000000001	0.195982859198286
0.204000000000001	0.196818977567788
0.205000000000001	0.197652213906176
0.206000000000001	0.198482535509062
0.207000000000001	0.199309909569543
0.208000000000001	0.200134303181301
0.209000000000001	0.20095568334174
0.210000000000001	0.201774016955162
0.211000000000001	0.202589270835965
0.212000000000001	0.203401411711891
0.213000000000001	0.204210406227293
0.214000000000001	0.205016220946446
0.215000000000001	0.205818822356887
0.216000000000001	0.206618176872786
0.217000000000001	0.207414250838354
0.218000000000001	0.20820701053128
0.219000000000001	0.208996422166204
0.220000000000001	0.209782451898217
0.221000000000001	0.210565065826394
0.222000000000001	0.211344229997364
0.223000000000001	0.212119910408901
0.224000000000001	0.212892073013555
0.225000000000001	0.213660683722306
0.226000000000001	0.214425708408252
0.227000000000001	0.21518711291033
0.228000000000001	0.215944863037056
0.229000000000001	0.216698924570307
0.230000000000001	0.217449263269119
0.231000000000001	0.218195844873526
0.232000000000001	0.218938635108416
0.233000000000001	0.219677599687423
0.234000000000001	0.220412704316839
0.235000000000001	0.22114391469956
0.236000000000001	0.221871196539056
0.237000000000001	0.222594515543364
0.238000000000001	0.223313837429112
0.239000000000001	0.224029127925564
0.240000000000001	0.224740352778698
0.241000000000001	0.225447477755294
0.242000000000001	0.226150468647064
0.243000000000001	0.226849291274795
0.244000000000001	0.227543911492514
0.245000000000001	0.228234295191687
0.246000000000001	0.228920408305431
0.247000000000001	0.229602216812749
0.248000000000001	0.230279686742795
0.249000000000001	0.230952784179147
0.250000000000001	0.23162147526412
0.251000000000001	0.232285726203078
0.252000000000001	0.23294550326878
0.253000000000001	0.233600772805751
0.254000000000001	0.234251501234647
0.255000000000001	0.234897655056676
0.256000000000001	0.235539200857999
0.257000000000001	0.236176105314179
0.258000000000001	0.236808335194632
0.259000000000001	0.237435857367099
0.260000000000001	0.238058638802133
0.261000000000001	0.238676646577606
0.262000000000001	0.239289847883225
0.263000000000001	0.239898210025076
0.264000000000001	0.240501700430161
0.265000000000001	0.241100286650974
0.266000000000001	0.241693936370068
0.267000000000001	0.242282617404655
0.268000000000001	0.242866297711205
0.269000000000001	0.24344494539006
0.270000000000001	0.244018528690062
0.271000000000001	0.244587016013195
0.272000000000001	0.245150375919227
0.273000000000001	0.245708577130375
0.274000000000001	0.246261588535967
0.275000000000001	0.246809379197126
0.276000000000001	0.247351918351448
0.277000000000001	0.247889175417705
0.278000000000001	0.248421120000532
0.279000000000001	0.248947721895149
0.280000000000001	0.249468951092065
0.281000000000001	0.249984777781803
0.282000000000001	0.250495172359618
0.283000000000001	0.251000105430232
0.284000000000001	0.251499547812566
0.285000000000001	0.251993470544473
0.286000000000001	0.252481844887477
0.287000000000001	0.252964642331523
0.288000000000001	0.253441834599702
0.289000000000001	0.253913393653018
0.290000000000001	0.25437929169511
0.291000000000001	0.254839501177012
0.292000000000001	0.255293994801886
0.293000000000001	0.255742745529774
0.294000000000001	0.256185726582327
0.295000000000001	0.256622911447551
0.296000000000001	0.257054273884536
0.297000000000001	0.257479787928189
0.298000000000001	0.257899427893959
0.299000000000001	0.258313168382558
0.300000000000001	0.258720984284674
0.301000000000001	0.259122850785684
0.302000000000001	0.259518743370349
0.303000000000001	0.259908637827518
0.304000000000001	0.260292510254802
0.305000000000001	0.260670337063262
0.306000000000001	0.261042094982065
0.307000000000001	0.261407761063154
0.308000000000001	0.261767312685883
0.309000000000001	0.262120727561658
0.310000000000001	0.262467983738555
0.311000000000001	0.262809059605936
0.312000000000001	0.263143933899036
0.313000000000001	0.263472585703558
0.314000000000001	0.263794994460225
0.315000000000001	0.264111139969344
0.316000000000001	0.264421002395332
0.317000000000001	0.264724562271241
0.318000000000001	0.265021800503256
0.319000000000001	0.26531269837518
0.320000000000001	0.265597237552887
0.321000000000001	0.265875400088789
0.322000000000001	0.266147168426231
0.323000000000001	0.266412525403917
0.324000000000001	0.266671454260277
0.325000000000001	0.266923938637833
0.326000000000001	0.267169962587528
0.327000000000001	0.267409510573045
0.328000000000001	0.267642567475087
0.329000000000001	0.267869118595641
0.330000000000001	0.268089149662217
0.331000000000001	0.268302646832053
0.332000000000001	0.268509596696297
0.333000000000001	0.268709986284164
0.334000000000001	0.268903803067055
0.335000000000001	0.269091034962661
0.336000000000001	0.269271670339015
0.337000000000001	0.269445698018541
0.338000000000001	0.269613107282046
0.339000000000001	0.269773887872694
0.340000000000001	0.269928029999937
0.341000000000001	0.27007552434343
0.342000000000001	0.270216362056884
0.343000000000001	0.270350534771915
0.344000000000001	0.270478034601823
0.345000000000001	0.270598854145371
0.346000000000001	0.27071298649049
0.347000000000001	0.270820425217976
0.348000000000001	0.270921164405129
0.349000000000001	0.27101519862936
0.350000000000001	0.271102522971754
0.351000000000001	0.2711831330206
0.352000000000001	0.271257024874862
0.353000000000001	0.271324195147632
0.354000000000001	0.27138464096951
0.355000000000001	0.271438359991973
0.356000000000001	0.27148535039066
0.357000000000001	0.271525610868657
0.358000000000001	0.271559140659691
0.359000000000001	0.271585939531312
0.360000000000001	0.271606007787998
0.361000000000001	0.271619346274244
0.362000000000001	0.271625956377562
0.363000000000001	0.271625840031478
0.364000000000001	0.271618999718423
0.365000000000001	0.271605438472627
0.366000000000001	0.271585159882921
0.367000000000001	0.271558168095507
0.368000000000001	0.271524467816662
0.369000000000001	0.271484064315403
0.370000000000001	0.271436963426071
0.371000000000001	0.271383171550891
0.372000000000001	0.271322695662449
0.373000000000001	0.271255543306125
0.374000000000001	0.27118172260246
0.375000000000001	0.271101242249476
0.376000000000001	0.271014111524919
0.377000000000001	0.27092034028846
0.378000000000001	0.270819938983816
0.379000000000001	0.270712918640828
0.380000000000001	0.270599290877462
0.381000000000001	0.270479067901755
0.382000000000001	0.270352262513687
0.383000000000001	0.270218888107003
0.384000000000001	0.270078958670957
0.385000000000001	0.269932488791997
0.386000000000001	0.26977949365537
0.387000000000001	0.269619989046689
0.388000000000001	0.269453991353389
0.389000000000001	0.269281517566156
0.390000000000001	0.26910258528025
0.391000000000001	0.26891721269679
0.392000000000001	0.268725418623941
0.393000000000001	0.268527222478047
0.394000000000001	0.268322644284676
0.395000000000001	0.268111704679612
0.396000000000001	0.267894424909745
0.397000000000001	0.267670826833923
0.398000000000001	0.267440932923685
0.399000000000001	0.26720476626396
0.400000000000001	0.266962350553654
0.401000000000001	0.26671371010619
0.402000000000001	0.266458869849938
0.403000000000001	0.266197855328604
0.404000000000001	0.265930692701497
0.405000000000001	0.265657408743756
0.406000000000001	0.265378030846464
0.407000000000001	0.265092587016703
0.408000000000001	0.264801105877509
0.409000000000001	0.264503616667767
0.410000000000001	0.264200149241991
0.411000000000001	0.263890734070055
0.412000000000001	0.263575402236806
0.413000000000001	0.263254185441619
0.414000000000001	0.262927115997846
0.415000000000001	0.262594226832197
0.416000000000001	0.262255551484011
0.417000000000001	0.261911124104458
0.418000000000001	0.261560979455649
0.419000000000001	0.261205152909648
0.420000000000001	0.260843680447402
0.421000000000001	0.26047659865758
0.422000000000001	0.260103944735321
0.423000000000001	0.259725756480886
0.424000000000001	0.259342072298225
0.425000000000001	0.258952931193446
0.426000000000001	0.258558372773192
0.427000000000001	0.25815843724293
0.428000000000001	0.257753165405131
0.429000000000001	0.257342598657374
0.430000000000001	0.256926778990342
0.431000000000001	0.256505748985726
0.432000000000001	0.256079551814026
0.433000000000001	0.255648231232276
0.434000000000001	0.255211831581636
0.435000000000001	0.254770397784924
0.436000000000001	0.254323975344022
0.437000000000001	0.253872610337199
0.438000000000001	0.253416349416325
0.439000000000001	0.252955239803985
0.440000000000001	0.252489329290502
0.441000000000001	0.252018666230853
0.442000000000001	0.251543299541479
0.443000000000001	0.251063278697002
0.444000000000001	0.250578653726832
0.445000000000001	0.250089475211681
0.446000000000001	0.249595794279956
0.447000000000001	0.249097662604074
0.448000000000001	0.248595132396648
0.449000000000001	0.248088256406591
0.450000000000001	0.24757708791509
0.451000000000001	0.2470616807315
0.452000000000001	0.24654208918912
0.453000000000001	0.246018368140859
0.454000000000001	0.245490572954802
0.455000000000001	0.244958759509678
0.456000000000001	0.2444229841902
0.457000000000001	0.243883303882315
0.458000000000001	0.24333977596834
0.459000000000001	0.242792458321995
0.460000000000001	0.242241409303316
0.461000000000001	0.24168668775347
0.462000000000001	0.241128352989463
0.463000000000001	0.240566464798735
0.464000000000001	0.240001083433637
0.465000000000001	0.239432269605812
0.466000000000001	0.238860084480465
0.467000000000001	0.238284589670509
0.468000000000001	0.237705847230624
0.469000000000001	0.237123919651185
0.470000000000001	0.236538869852079
0.471000000000001	0.235950761176441
0.472000000000001	0.235359657384233
0.473000000000001	0.234765622645753
0.474000000000001	0.234168721535014
0.475000000000001	0.233569019023005
0.476000000000001	0.232966580470854
0.477000000000001	0.232361471622878
0.478000000000001	0.231753758599513
0.479000000000001	0.231143507890147
0.480000000000001	0.230530786345811
0.481000000000001	0.229915661171805
0.482000000000001	0.229298199920162
0.483000000000001	0.228678470482038
0.484000000000001	0.228056541079976
0.485000000000001	0.227432480260046
0.486000000000001	0.226806356883899
0.487000000000001	0.226178240120684
0.488000000000001	0.225548199438874
0.489000000000001	0.224916304597963
0.490000000000001	0.224282625640057
0.491000000000001	0.223647232881369
0.492000000000001	0.223010196903567
0.493000000000001	0.222371588545052
0.494000000000001	0.221731478892095
0.495000000000001	0.221089939269868
0.496000000000001	0.220447041233379
0.497000000000001	0.219802856558285
0.498000000000001	0.219157457231585
0.499000000000001	0.218510915442218
0.500000000000001	0.217863303571556
0.501000000000001	0.21721469418376
0.502000000000001	0.216565160016048
0.503000000000001	0.215914773968859
0.504000000000001	0.21526360909588
0.505000000000001	0.214611738593997
0.506000000000001	0.213959235793116
0.507000000000001	0.213306174145876
0.508000000000001	0.212652627217269
0.509000000000001	0.211998668674143
0.510000000000001	0.21134437227459
0.511000000000001	0.210689811857248
0.512000000000001	0.21003506133048
0.513000000000001	0.209380194661445
0.514000000000001	0.208725285865082
0.515000000000001	0.208070408992976
0.516000000000001	0.207415638122111
0.517000000000001	0.206761047343549
0.518000000000001	0.206106710750972
0.519000000000001	0.205452702429144
0.520000000000001	0.204799096442253
0.521000000000001	0.204145966822184
0.522000000000001	0.203493387556644
0.523000000000001	0.202841432577226
0.524000000000001	0.202190175747362
0.525000000000001	0.201539690850159
0.526000000000001	0.200890051576175
0.527000000000001	0.200241331511057
0.528000000000001	0.199593604123107
0.529000000000001	0.198946942750748
0.530000000000001	0.19830142058989
0.531000000000001	0.197657110681214
0.532000000000001	0.197014085897326
0.533000000000001	0.19637241892988
0.534000000000001	0.195732182276555
0.535000000000001	0.195093448227967
0.536000000000001	0.194456288854474
0.537000000000001	0.19382077599293
0.538000000000001	0.19318698123329
0.539000000000001	0.192554975905191
0.540000000000001	0.191924831064408
0.541000000000001	0.191296617479231
0.542000000000001	0.190670405616766
0.543000000000001	0.190046265629158
0.544000000000001	0.189424267339718
0.545000000000001	0.188804480228975
0.546000000000001	0.188186973420654
0.547000000000001	0.187571815667563
0.548000000000001	0.186959075337428
0.549000000000001	0.186348820398623
0.550000000000001	0.185741118405849
0.551000000000001	0.185136036485715
0.552000000000001	0.184533641322276
0.553000000000001	0.183933999142485
0.554000000000001	0.18333717570157
0.555000000000001	0.182743236268363
0.556000000000001	0.182152245610537
0.557000000000001	0.181564267979799
0.558000000000001	0.18097936709702
0.559000000000001	0.18039760613728
0.560000000000001	0.179819047714885
0.561000000000001	0.17924375386829
0.562000000000001	0.178671786045011
0.563000000000001	0.178103205086429
0.564000000000001	0.177538071212569
0.565000000000001	0.176976444006849
0.566000000000001	0.176418382400714
0.567000000000001	0.175863944658289
0.568000000000001	0.175313188360953
0.569000000000001	0.174766170391853
0.570000000000001	0.174222946920416
0.571000000000001	0.173683573386776
0.572000000000001	0.173148104486195
0.573000000000001	0.172616594153437
0.574000000000001	0.172089095547085
0.575000000000001	0.171565661033854
0.576000000000001	0.171046342172861
0.577000000000001	0.170531189699858
0.578000000000001	0.170020253511441
0.579000000000001	0.169513582649251
0.580000000000001	0.169011225284116
0.581000000000001	0.168513228700213
0.582000000000001	0.16801963927917
0.583000000000001	0.167530502484193
0.584000000000001	0.167045862844138
0.585000000000001	0.1665657639376
0.586000000000001	0.166090248376985
0.587000000000001	0.165619357792561
0.588000000000001	0.165153132816524
0.589000000000001	0.164691613067047
0.590000000000001	0.164234837132337
0.591000000000001	0.163782842554684
0.592000000000001	0.163335665814532
0.593000000000001	0.162893342314546
0.594000000000001	0.162455906363684
0.595000000000001	0.162023391161283
0.596000000000001	0.161595828781187
0.597000000000001	0.161173250155855
0.598000000000001	0.160755685060513
0.599000000000001	0.160343162097322
0.600000000000001	0.159935708679563
0.601000000000001	0.159533351015887
0.602000000000001	0.159136114094563
0.603000000000001	0.158744021667753
0.604000000000001	0.158357096235868
0.605000000000001	0.157975359031931
0.606000000000001	0.157598830005995
0.607000000000001	0.157227527809611
0.608000000000001	0.156861469780327
0.609000000000001	0.156500671926291
0.610000000000001	0.156145148910841
0.611000000000001	0.155794914037219
0.612000000000001	0.155449979233298
0.613000000000001	0.155110355036425
0.614000000000001	0.154776050578295
0.615000000000001	0.154447073569905
0.616000000000001	0.154123430286602
0.617000000000001	0.153805125553213
0.618000000000001	0.153492162729227
0.619000000000001	0.153184543694112
0.620000000000001	0.152882268832667
0.621000000000001	0.152585337020537
0.622000000000001	0.152293745609753
0.623000000000001	0.15200749041446
0.624000000000001	0.151726565696657
0.625000000000001	0.151450964152116
0.626000000000001	0.151180676896411
0.627000000000001	0.150915693451012
0.628000000000001	0.150656001729569
0.629000000000001	0.150401588024272
0.630000000000001	0.150152436992375
0.631000000000001	0.149908531642832
0.632000000000001	0.149669853323079
0.633000000000001	0.149436381705968
0.634000000000001	0.149208094776827
0.635000000000001	0.148984968820706
0.636000000000001	0.148766978409731
0.637000000000001	0.148554096390671
0.638000000000001	0.148346293872627
0.639000000000001	0.14814354021491
0.640000000000001	0.147945803015103
0.641000000000001	0.147753048097267
0.642000000000001	0.147565239500374
0.643000000000001	0.147382339466886
0.644000000000001	0.147204308431564
0.645000000000001	0.14703110501045
0.646000000000001	0.146862685990037
0.647000000000001	0.146699006316718
0.648000000000001	0.146540019086348
0.649000000000001	0.146385675534078
0.650000000000001	0.146235925024449
0.651000000000001	0.146090715041602
0.652000000000001	0.145949991179836
0.653000000000001	0.145813697134342
0.654000000000001	0.145681774692194
0.655000000000001	0.145554163723581
0.656000000000001	0.14543080217331
0.657000000000001	0.145311626052529
0.658000000000001	0.145196569430805
0.659000000000001	0.145085564428337
0.660000000000001	0.144978541208561
0.661000000000001	0.144875427971 
0.662000000000001	0.144776150944352
0.663000000000001	0.144680634379955
0.664000000000001	0.144588800545491
0.665000000000001	0.14450056971901
0.666000000000001	0.144415860183282
0.667000000000001	0.144334588220428
0.668000000000001	0.144256668106915
0.669000000000001	0.144182012108848
0.670000000000001	0.144110530477628
0.671000000000001	0.144042131445897
0.672000000000001	0.143976721223903
0.673000000000001	0.143914203996165
0.674000000000001	0.143854481918509
0.675000000000001	0.143797455115483
0.676000000000001	0.143743021678138
0.677000000000001	0.143691077662188
0.678000000000001	0.143641517086542
0.679000000000001	0.143594231932274
0.680000000000001	0.14354911214193
0.681000000000001	0.14350604561929
0.682000000000001	0.143464918229529
0.683000000000001	0.14342561379978
0.684000000000001	0.14338801412016
0.685000000000001	0.1433519989452
0.686000000000001	0.143317445995732
0.687000000000001	0.1432842309612
0.688000000000001	0.143252227502476
0.689000000000001	0.143221307255104
0.690000000000001	0.143191339833009
0.691000000000001	0.143162192832706
0.692000000000001	0.143133731837964
0.693000000000001	0.143105820425019
0.694000000000001	0.143078320168233
0.695000000000001	0.143051090646272
0.696000000000001	0.143023989448839
0.697000000000001	0.142996872183878
0.698000000000001	0.142969592485335
0.699000000000001	0.142942002021473
0.700000000000001	0.142913950503716
0.701000000000001	0.142885285696056
0.702000000000001	0.142855853425007
0.703000000000001	0.142825497590176
0.704000000000001	0.142794060175362
0.705000000000001	0.142761381260294
0.706000000000001	0.142727299032927
0.707000000000001	0.142691649802357
0.708000000000001	0.142654268012369
0.709000000000001	0.142614986255587
0.710000000000001	0.142573635288275
0.711000000000001	0.142530044045757
0.712000000000001	0.142484039658499
0.713000000000001	0.142435447468871
0.714000000000001	0.142384091048537
0.715000000000001	0.142329792216562
0.716000000000001	0.142272371058159
0.717000000000001	0.142211645944209
0.718000000000001	0.142147433551395
0.719000000000001	0.142079548883111
0.720000000000001	0.142007805291084
0.721000000000001	0.141932014497714
0.722000000000001	0.141851986619186
0.723000000000001	0.14176753018931
0.724000000000001	0.141678452184118
0.725000000000001	0.141584558047284
0.726000000000001	0.141485651716256
0.727000000000001	0.14138153564924
0.728000000000001	0.141272010852975
0.729000000000001	0.141156876911264
0.730000000000001	0.141035932014444
0.731000000000001	0.140908972989578
0.732000000000001	0.140775795331542
0.733000000000001	0.140636193234971
0.734000000000001	0.140489959627064
0.735000000000001	0.140336886201272
0.736000000000001	0.140176763451834
0.737000000000001	0.140009380709271
0.738000000000001	0.139834526176746
0.739000000000001	0.139651986967384
0.740000000000001	0.139461549142468
0.741000000000001	0.139262997750602
0.742000000000001	0.139056116867894
0.743000000000001	0.138840689638962
0.744000000000001	0.138616498319077
0.745000000000001	0.13838332431714
0.746000000000001	0.138140948239788
0.747000000000001	0.137889149936475
0.748000000000001	0.137627708545493
0.749000000000001	0.137356402541131
0.750000000000001	0.137075009781881
0.751000000000001	0.136783307559603
0.752000000000001	0.136481072649868
0.753000000000001	0.13616808136333
0.754000000000001	0.135844109598228
0.755000000000001	0.135508932893941
0.756000000000001	0.135162326485722
0.757000000000001	0.134804065360529
0.758000000000001	0.134433924314048
0.759000000000001	0.134051678008807
0.760000000000001	0.133657101033504
0.761000000000001	0.133249967963546
0.762000000000001	0.13283005342271
0.763000000000001	0.132397132146099
0.764000000000001	0.131950979044256
0.765000000000001	0.131491369268556
0.766000000000001	0.131018078277829
0.767000000000001	0.130530881906284
0.768000000000001	0.130029556432649
0.769000000000001	0.129513878650626
0.770000000000001	0.128983625940734
0.771000000000001	0.128438576343336
0.772000000000001	0.127878508633081
0.773000000000001	0.127303202394682
0.774000000000001	0.126712438100081
0.775000000000001	0.126105997186933
0.776000000000001	0.125483662138499
0.777000000000001	0.124845216565017
0.778000000000001	0.124190445286354
0.779000000000001	0.123519134416266
0.780000000000001	0.122831071447934
0.781000000000001	0.122126045341073
0.782000000000001	0.121403846610536
0.783000000000001	0.120664267416321
0.784000000000001	0.119907101655144
0.785000000000001	0.119132145053567
0.786000000000001	0.118339195262595
0.787000000000001	0.117528051953902
0.788000000000001	0.116698516917569
0.789000000000001	0.115850394161449
0.790000000000001	0.11498349001213
0.791000000000001	0.114097613217501
0.792000000000001	0.113192575050959
0.793000000000001	0.112268189417295
0.794000000000001	0.111324272960223
0.795000000000001	0.110360645171604
0.796000000000001	0.109377128502323
0.797000000000001	0.108373548475007
0.798000000000001	0.107349733798329
0.799000000000001	0.106305516483175
0.800000000000001	0.105240731960531
0.801000000000001	0.104155219201152
0.802000000000001	0.103048820837063
0.803000000000001	0.101921383284862
0.804000000000001	0.100772756870845
0.805000000000001	0.0996027959580114
0.806000000000001	0.0984113590749691
0.807000000000001	0.0971983090466637
0.808000000000001	0.0959635131270405
0.809000000000001	0.0947068431336532
0.810000000000001	0.0934281755842452
0.811000000000001	0.0921273918351966
0.812000000000001	0.0908043782220223
0.813000000000001	0.0894590262018885
0.814000000000002	0.0880912324981262
0.815000000000002	0.0867008992467179
0.816000000000002	0.0852879341449262
0.817000000000002	0.0838522506019959
0.818000000000002	0.0823937678918857
0.819000000000002	0.0809124113081454
0.820000000000002	0.0794081123209539
0.821000000000002	0.0778808087362559
0.822000000000002	0.0763304448571354
0.823000000000002	0.0747569716473349
0.824000000000002	0.0731603468969409
0.825000000000002	0.0715405353904122
0.826000000000002	0.0698975090767806
0.827000000000002	0.0682312472421654
0.828000000000002	0.0665417366844892
0.829000000000002	0.0648289718906358
0.830000000000002	0.0630929552158665
0.831000000000002	0.0613336970655747
0.832000000000002	0.0595512160794596
0.833000000000002	0.0577455393180438
0.834000000000002	0.0559167024517051
0.835000000000002	0.0540647499519988
0.836000000000002	0.0521897352855439
0.837000000000002	0.0502917211103617
0.838000000000002	0.0483707794747449
0.839000000000002	0.0464269920185871
0.840000000000002	0.0444604501772712
0.841000000000002	0.0424712553881816
0.842000000000002	0.0404595192997432
0.843000000000002	0.038425363983142
0.844000000000002	0.0363689221465308
0.845000000000002	0.0342903373520961
0.846000000000002	0.0321897642356534
0.847000000000002	0.0300673687289822
0.848000000000002	0.0279233282849126
0.849000000000002	0.025757832105143
0.850000000000002	0.0235710813707826
0.851000000000002	0.0213632894757962
0.852000000000002	0.0191346822631518
0.853000000000002	0.0168854982638597
0.854000000000002	0.0146159889389132
0.855000000000002	0.0123264189240326
0.856000000000002	0.0100170662773821
0.857000000000002	0.00768822273020802
0.858000000000002	0.00534019394049112
0.859000000000002	0.00297329974944137
0.860000000000002	0.000587874441133077
0.861000000000002	-0.00181573299483508
0.862000000000002	-0.00423715859767541
0.863000000000002	-0.00667602316661759
0.864000000000002	-0.00913193198908061
0.865000000000002	-0.0116044745655853
0.866000000000002	-0.0140932243316058
0.867000000000002	-0.0165977383761761
0.868000000000002	-0.0191175571573756
0.869000000000002	-0.0216522042144145
0.870000000000002	-0.0242011858766414
0.871000000000002	-0.0267639909691229
0.872000000000002	-0.0293400905149667
0.873000000000002	-0.0319289374342795
0.874000000000002	-0.0345299662398199
0.875000000000002	-0.0371425927290961
0.876000000000002	-0.0397662136732756
0.877000000000002	-0.0424002065023799
0.878000000000002	-0.0450439289872772
0.879000000000002	-0.0476967189178515
0.880000000000002	-0.05035789377803
0.881000000000002	-0.0530267504168345
0.882000000000002	-0.0557025647161638
0.883000000000002	-0.0583845912548166
0.884000000000002	-0.0610720629688451
0.885000000000002	-0.0637641908083711
0.886000000000002	-0.0664601633905426
0.887000000000002	-0.0691591466488384
0.888000000000002	-0.0718602834786402
0.889000000000002	-0.0745626933789742
0.890000000000002	-0.0772654720903934
0.891000000000002	-0.0799676912291446
0.892000000000002	-0.0826683979172948
0.893000000000002	-0.0853666144091288
0.894000000000002	-0.0880613377133972
0.895000000000002	-0.0907515392118376
0.896000000000002	-0.0934361642735076
0.897000000000002	-0.0961141318651913
0.898000000000002	-0.0987843341577503
0.899000000000002	-0.101445636128277
0.900000000000002	-0.10409687515831
0.901000000000002	-0.10673686062776
0.902000000000002	-0.109364373504682
0.903000000000002	-0.111978165930898
0.904000000000002	-0.114576960803337
0.905000000000002	-0.117159451351029
0.906000000000002	-0.11972430070793
0.907000000000002	-0.122270141481311
0.908000000000002	-0.124795575315793
0.909000000000002	-0.127299172453062
0.910000000000002	-0.129779471286983
0.911000000000002	-0.132234977914371
0.912000000000002	-0.134664165681302
0.913000000000002	-0.137065474724724
0.914000000000002	-0.139437311509638
0.915000000000002	-0.141778048361645
0.916000000000002	-0.144086022994836
0.917000000000002	-0.146359538035043
0.918000000000002	-0.148596860538381
0.919000000000002	-0.150796221505002
0.920000000000002	-0.152955815388197
0.921000000000002	-0.155073799598569
0.922000000000002	-0.157148294003424
0.923000000000002	-0.159177380421332
0.924000000000002	-0.161159102111642
0.925000000000002	-0.163091463259284
0.926000000000002	-0.164972428454281
0.927000000000002	-0.166799922166479
0.928000000000002	-0.168571828215255
0.929000000000002	-0.170285989233951
0.930000000000002	-0.171940206129201
0.931000000000002	-0.173532237535411
0.932000000000002	-0.175059799263557
0.933000000000002	-0.176520563745205
0.934000000000002	-0.177912159470877
0.935000000000002	-0.179232170423447
0.936000000000002	-0.180478135505952
0.937000000000002	-0.181647547964184
0.938000000000002	-0.182737854803676
0.939000000000002	-0.183746456201427
0.940000000000002	-0.184670704912059
0.941000000000002	-0.18550790566841
0.942000000000002	-0.186255314576556
0.943000000000002	-0.186910138505256
0.944000000000002	-0.187469534469785
0.945000000000002	-0.187930609009974
0.946000000000002	-0.188290417562595
0.947000000000002	-0.188545963827986
0.948000000000002	-0.188694199130869
0.949000000000002	-0.188732021775255
0.950000000000002	-0.188656276393534
0.951000000000002	-0.188463753289649
0.952000000000002	-0.188151187776176
0.953000000000002	-0.187715259505672
0.954000000000002	-0.187152591795632
0.955000000000002	-0.186459750947552
0.956000000000002	-0.185633245559982
0.957000000000002	-0.184669525835033
0.958000000000002	-0.183564982879071
0.959000000000002	-0.182315947996906
0.960000000000002	-0.180918691979764
0.961000000000002	-0.179369424387021
0.962000000000002	-0.177664292821274
0.963000000000002	-0.175799382197285
0.964000000000002	-0.17377071400437
0.965000000000002	-0.171574245562151
0.966000000000002	-0.169205869269905
0.967000000000002	-0.16666141184923
0.968000000000002	-0.163936633580209
0.969000000000002	-0.16102722753064
0.970000000000002	-0.157928818778767
0.971000000000002	-0.154636963629139
0.972000000000002	-0.151147148821642
0.973000000000002	-0.147454790733781
0.974000000000002	-0.143555234575787
0.975000000000002	-0.139443753579115
0.976000000000002	-0.135115548177746
0.977000000000002	-0.130565745182419
0.978000000000002	-0.125789396947882
0.979000000000002	-0.120781480532948
0.980000000000002	-0.115536896853336
0.981000000000002	-0.110050469827435
0.982000000000002	-0.104316945514542
0.983000000000002	-0.0983309912460216
0.984000000000002	-0.0920871947489645
0.985000000000002	-0.0855800632624584
0.986000000000002	-0.0788040226463334
0.987000000000002	-0.0717534164825395
0.988000000000002	-0.0644225051688819
0.989000000000002	-0.0568054650050523
0.990000000000002	-0.0488963872711367
0.991000000000002	-0.0406892772984535
0.992000000000002	-0.0321780535323452
0.993000000000002	-0.0233565465876641
0.994000000000002	-0.0142184982958356
0.995000000000002	-0.00475756074442617
0.996000000000002	0.00503270469131225
0.997000000000002	0.0151588283251559
0.998000000000002	0.0256274331442784
0.999000000000002	0.0364452358020989
