0.005012531328321        	0.089497324896685        
0.010025062656642        	0.060044584303914        
0.015037593984962        	0.038448796866352        
0.020050125313283        	0.029609700411764        
0.025062656641604        	0.024469118304105        
0.030075187969925        	0.020267619745709        
0.035087719298246        	0.016989320561222        
0.040100250626566        	0.014440313790387        
0.045112781954887        	0.012887917273816        
0.050125313283208        	0.011655160566212        
0.055137844611529        	0.010570752733134        
0.060150375939850        	0.009622912000116        
0.065162907268170        	0.008795152497212        
0.070175438596491        	0.008070850451382        
0.075187969924812        	0.007434932587473        
0.080200501253133        	0.006884908511350        
0.085213032581454        	0.006487180377243        
0.090225563909774        	0.006120288528409        
0.095238095238095        	0.005782283417878        
0.100250626566416        	0.005470966130865        
0.105263157894737        	0.005184098930197        
0.110275689223058        	0.004919519792379        
0.115288220551378        	0.004675200648573        
0.120300751879699        	0.004449272815856        
0.125313283208020        	0.004240033593544        
0.130325814536341        	0.004045942366522        
0.135338345864662        	0.003868255234816        
0.140350877192982        	0.003725253624576        
0.145363408521303        	0.003589852359591        
0.150375939849624        	0.003461631986291        
0.155388471177945        	0.003340177035152        
0.160401002506266        	0.003225083440322        
0.165413533834586        	0.003115963196032        
0.170426065162907        	0.003012447088597        
0.175438596491228        	0.002914186095887        
0.180451127819549        	0.002820851872950        
0.185463659147870        	0.002732136620200        
0.190476190476190        	0.002647752544054        
0.195488721804511        	0.002567431058311        
0.200501253132832        	0.002490921830673        
0.205513784461153        	0.002417991747435        
0.210526315789474        	0.002351590460675        
0.215538847117794        	0.002292673075687        
0.220551378446115        	0.002235965003828        
0.225563909774436        	0.002181370623110        
0.230576441102757        	0.002128797299665        
0.235588972431078        	0.002078155667886        
0.240601503759398        	0.002029359801423        
0.245614035087719        	0.001982327300688        
0.250626566416040        	0.001936979316953        
0.255639097744361        	0.001893240528747        
0.260651629072682        	0.001851039082832        
0.265664160401002        	0.001810306509364        
0.270676691729323        	0.001770977618720        
0.275689223057644        	0.001732990385811        
0.280701754385965        	0.001696285826402        
0.285714285714286        	0.001660807868918        
0.290726817042607        	0.001626503224402        
0.295739348370927        	0.001593321256653        
0.300751879699248        	0.001561213854067        
0.305764411027569        	0.001531835070781        
0.310776942355890        	0.001504453529109        
0.315789473684211        	0.001477822019143        
0.320802005012531        	0.001451915552887        
0.325814536340852        	0.001426709912587        
0.330827067669173        	0.001402181655128        
0.335839598997494        	0.001378308110346        
0.340852130325815        	0.001355067374477        
0.345864661654135        	0.001332438299695        
0.350877192982456        	0.001310400480601        
0.355889724310777        	0.001288934238331        
0.360902255639098        	0.001268020602847        
0.365914786967419        	0.001247641293894        
0.370927318295739        	0.001227778701010        
0.375939849624060        	0.001208415862902        
0.380952380952381        	0.001189536446460        
0.385964912280702        	0.001171124725618        
0.390977443609023        	0.001153165560244        
0.395989974937343        	0.001135644375193        
0.401002506265664        	0.001118547139640        
0.406015037593985        	0.001101860346785        
0.411027568922306        	0.001085570993991        
0.416040100250627        	0.001069666563419        
0.421052631578947        	0.001054496357887        
0.426065162907268        	0.001040463918292        
0.431077694235589        	0.001026721893528        
0.436090225563910        	0.001013262752972        
0.441102756892231        	0.001000079165720        
0.446115288220551        	0.000987163998169        
0.451127819548872        	0.000974510311161        
0.456140350877193        	0.000962111356763        
0.461152882205514        	0.000949960574756        
0.466165413533835        	0.000938051588887        
0.471177944862155        	0.000926378202942        
0.476190476190476        	0.000914934396682        
0.481203007518797        	0.000903714321676        
0.486215538847118        	0.000892712297073        
0.491228070175439        	0.000881922805325        
0.496240601503759        	0.000871340487908        
0.501253132832080        	0.000860960141037        
0.506265664160401        	0.000850776711413        
0.511278195488722        	0.000840785291997        
0.516290726817043        	0.000830981117846        
0.521303258145363        	0.000821359561996        
0.526315789473684        	0.000811916131423        
0.531328320802005        	0.000802646463072        
0.536340852130326        	0.000793546319971        
0.541353383458647        	0.000784611587427        
0.546365914786967        	0.000775838269307        
0.551378446115288        	0.000767222484418        
0.556390977443609        	0.000758760462968        
0.561403508771930        	0.000750529111269        
0.566416040100251        	0.000742878487399        
0.571428571428571        	0.000735350527915        
0.576441102756892        	0.000727942715098        
0.581453634085213        	0.000720652587389        
0.586466165413534        	0.000713477738453        
0.591478696741855        	0.000706415816217        
0.596491228070175        	0.000699464521883        
0.601503759398496        	0.000692621608920        
0.606516290726817        	0.000685884882049        
0.611528822055138        	0.000679252196211        
0.616541353383459        	0.000672721455538        
0.621553884711779        	0.000666290612316        
0.626566416040100        	0.000659957665954        
0.631578947368421        	0.000653720661954        
0.636591478696742        	0.000647577690890        
0.641604010025063        	0.000641526887390        
0.646616541353383        	0.000635566429137        
0.651629072681704        	0.000629694535874        
0.656641604010025        	0.000623909468424        
0.661654135338346        	0.000618209527725        
0.666666666666667        	0.000612593053878        
0.671679197994987        	0.000607058425215        
0.676691729323308        	0.000601604057375        
0.681704260651629        	0.000596228402407        
0.686716791979950        	0.000590929947880        
0.691729323308271        	0.000585707216019        
0.696741854636591        	0.000580558762855        
0.701754385964912        	0.000575483177389        
0.706766917293233        	0.000570479080783        
0.711779448621554        	0.000565545125559        
0.716791979949875        	0.000560679994824        
0.721804511278195        	0.000555882401509        
0.726817042606516        	0.000551151087622        
0.731829573934837        	0.000546671093259        
0.736842105263158        	0.000542312628067        
0.741854636591479        	0.000538009325294        
0.746867167919799        	0.000533760275967        
0.751879699248120        	0.000529564588085        
0.756892230576441        	0.000525421386329        
0.761904761904762        	0.000521329811777        
0.766917293233083        	0.000517289021616        
0.771929824561403        	0.000513298188858        
0.776942355889724        	0.000509356502053        
0.781954887218045        	0.000505463165005        
0.786967418546366        	0.000501617396497        
0.791979949874687        	0.000497818430005        
0.796992481203007        	0.000494065513428        
0.802005012531328        	0.000490357908811        
0.807017543859649        	0.000486694892076        
0.812030075187970        	0.000483075752757        
0.817042606516291        	0.000479499793736        
0.822055137844611        	0.000475966330979        
0.827067669172932        	0.000472474693288        
0.832080200501253        	0.000469024222040        
0.837092731829574        	0.000465614270945        
0.842105263157895        	0.000462244205797        
0.847117794486215        	0.000458913404237        
0.852130325814536        	0.000455621255511        
0.857142857142857        	0.000452367160245        
0.862155388471178        	0.000449150530209        
0.867167919799499        	0.000445970788095        
0.872180451127820        	0.000442827367298        
0.877192982456140        	0.000439719711699        
0.882205513784461        	0.000436647275450        
0.887218045112782        	0.000433609522768        
0.892230576441103        	0.000430605927730        
0.897243107769424        	0.000427635974072        
0.902255639097744        	0.000424699154991        
0.907268170426065        	0.000421794972957        
0.912280701754386        	0.000418922939518        
0.917293233082707        	0.000416082575118        
0.922305764411028        	0.000413273408916        
0.927318295739348        	0.000410583556090        
0.932330827067669        	0.000407961131010        
0.937343358395990        	0.000405365470108        
0.942355889724311        	0.000402796213677        
0.947368421052632        	0.000400253007632        
0.952380952380952        	0.000397735503414        
0.957393483709273        	0.000395243357911        
0.962406015037594        	0.000392776233369        
0.967418546365915        	0.000390333797312        
0.972431077694236        	0.000387915722449        
0.977443609022556        	0.000385521686602        
0.982456140350877        	0.000383151372616        
0.987468671679198        	0.000380804468281        
0.992481203007519        	0.000378480666251        
0.997493734335840        	0.000376179663966        
1.002506265664160        	0.000373901163572        
1.007518796992481        	0.000371644871846        
1.012531328320802        	0.000369410500115        
1.017543859649123        	0.000367197764187        
1.022556390977444        	0.000365006384271        
1.027568922305764        	0.000362836084910        
1.032581453634085        	0.000360686594902        
1.037593984962406        	0.000358557647234        
1.042606516290727        	0.000356448979010        
1.047619047619047        	0.000354360331381        
1.052631578947368        	0.000352291449480        
1.057644110275689        	0.000350242082352        
1.062656641604010        	0.000348211982889        
1.067669172932331        	0.000346200907768        
1.072681704260652        	0.000344208617381        
1.077694235588972        	0.000342234875779        
1.082706766917293        	0.000340279450605        
1.087719298245614        	0.000338342113037        
1.092731829573935        	0.000336422637725        
1.097744360902256        	0.000334520802735        
1.102756892230576        	0.000332636389489        
1.107769423558897        	0.000330769182710        
1.112781954887218        	0.000328918970363        
1.117794486215539        	0.000327085543606        
1.122807017543860        	0.000325268696727        
1.127819548872180        	0.000323468227101        
1.132832080200501        	0.000321683935132        
1.137844611528822        	0.000319915624199        
1.142857142857143        	0.000318163100614        
1.147869674185463        	0.000316426173565        
1.152882205513784        	0.000314746624449        
1.157894736842105        	0.000313108406191        
1.162907268170426        	0.000311483884333        
1.167919799498747        	0.000309872906748        
1.172932330827068        	0.000308275323308        
1.177944862155389        	0.000306690985859        
1.182957393483709        	0.000305119748189        
1.187969924812030        	0.000303561466007        
1.192982456140351        	0.000302015996911        
1.197994987468672        	0.000300483200364        
1.203007518796992        	0.000298962937671        
1.208020050125313        	0.000297455071946        
1.213032581453634        	0.000295959468096        
1.218045112781955        	0.000294475992788        
1.223057644110276        	0.000293004514426        
1.228070175438596        	0.000291544903132        
1.233082706766917        	0.000290097030714        
1.238095238095238        	0.000288660770647        
1.243107769423559        	0.000287235998049        
1.248120300751880        	0.000285822589655        
1.253132832080200        	0.000284420423797        
1.258145363408521        	0.000283029380381        
1.263157894736842        	0.000281649340862        
1.268170426065163        	0.000280280188227        
1.273182957393484        	0.000278921806966        
1.278195488721805        	0.000277574083058        
1.283208020050125        	0.000276236903945        
1.288220551378446        	0.000274910158513        
1.293233082706767        	0.000273593737071        
1.298245614035088        	0.000272287531329        
1.303258145363408        	0.000270991434382        
1.308270676691729        	0.000269705340688        
1.313283208020050        	0.000268429146045        
1.318295739348371        	0.000267162747579        
1.323308270676692        	0.000265906043720        
1.328320802005012        	0.000264658934183        
1.333333333333333        	0.000263421319955        
1.338345864661654        	0.000262193103269        
1.343358395989975        	0.000260974187593        
1.348370927318296        	0.000259764477609        
1.353383458646616        	0.000258563879197        
1.358395989974937        	0.000257372299417        
1.363408521303258        	0.000256189646491        
1.368421052631579        	0.000255015829790        
1.373433583959900        	0.000253850759815        
1.378446115288221        	0.000252694348182        
1.383458646616541        	0.000251546507605        
1.388471177944862        	0.000250407151880        
1.393483709273183        	0.000249276195874        
1.398496240601504        	0.000248153555503        
1.403508771929824        	0.000247039147722        
1.408521303258145        	0.000245937031813        
1.413533834586466        	0.000244877535086        
1.418546365914787        	0.000243825400486        
1.423558897243108        	0.000242780559586        
1.428571428571428        	0.000241742944726        
1.433583959899749        	0.000240712488996        
1.438596491228070        	0.000239689126232        
1.443609022556391        	0.000238672791004        
1.448621553884712        	0.000237663418609        
1.453634085213033        	0.000236660945062        
1.458646616541353        	0.000235665307087        
1.463659147869674        	0.000234676442106        
1.468671679197995        	0.000233694288235        
1.473684210526316        	0.000232718784274        
1.478696741854637        	0.000231749869696        
1.483709273182957        	0.000230787484642        
1.488721804511278        	0.000229831569912        
1.493734335839599        	0.000228882066956        
1.498746867167920        	0.000227938917867        
1.503759398496241        	0.000227002065375        
1.508771929824561        	0.000226071452833        
1.513784461152882        	0.000225147024219        
1.518796992481203        	0.000224228724118        
1.523809523809524        	0.000223316497723        
1.528822055137844        	0.000222410290822        
1.533834586466165        	0.000221510049795        
1.538847117794486        	0.000220615721603        
1.543859649122807        	0.000219727253783        
1.548872180451128        	0.000218844594442        
1.553884711779449        	0.000217967692246        
1.558897243107769        	0.000217096496419        
1.563909774436090        	0.000216230956730        
1.568922305764411        	0.000215371023491        
1.573934837092732        	0.000214516647548        
1.578947368421053        	0.000213667780277        
1.583959899749373        	0.000212824373573        
1.588972431077694        	0.000211986379848        
1.593984962406015        	0.000211153752023        
1.598997493734336        	0.000210326443522        
1.604010025062657        	0.000209504408266        
1.609022556390977        	0.000208687600666        
1.614035087719298        	0.000207875975619        
1.619047619047619        	0.000207069488500        
1.624060150375940        	0.000206268095156        
1.629072681704260        	0.000205471751905        
1.634085213032581        	0.000204680415522        
1.639097744360902        	0.000203894043243        
1.644110275689223        	0.000203112592750        
1.649122807017544        	0.000202336022174        
1.654135338345865        	0.000201564290083        
1.659147869674185        	0.000200797355481        
1.664160401002506        	0.000200035177800        
1.669172932330827        	0.000199277716897        
1.674185463659148        	0.000198524933048        
1.679197994987469        	0.000197776786942        
1.684210526315789        	0.000197033239677        
1.689223057644110        	0.000196294252756        
1.694235588972431        	0.000195559788080        
1.699248120300752        	0.000194829807945        
1.704260651629073        	0.000194122417622        
1.709273182957393        	0.000193423673105        
1.714285714285714        	0.000192729000646        
1.719298245614035        	0.000192038368314        
1.724310776942356        	0.000191351744483        
1.729323308270676        	0.000190669097825        
1.734335839598997        	0.000189990397310        
1.739348370927318        	0.000189315612204        
1.744360902255639        	0.000188644712061        
1.749373433583960        	0.000187977666724        
1.754385964912281        	0.000187314446322        
1.759398496240602        	0.000186655021264        
1.764411027568922        	0.000185999362239        
1.769423558897243        	0.000185347440210        
1.774436090225564        	0.000184699226417        
1.779448621553885        	0.000184054692367        
1.784461152882205        	0.000183413809834        
1.789473684210526        	0.000182776550858        
1.794486215538847        	0.000182142887740        
1.799498746867168        	0.000181512793041        
1.804511278195489        	0.000180886239576        
1.809523809523809        	0.000180263200416        
1.814536340852130        	0.000179643648880        
1.819548872180451        	0.000179027558538        
1.824561403508772        	0.000178414903203        
1.829573934837093        	0.000177805656934        
1.834586466165413        	0.000177199794027        
1.839598997493734        	0.000176597289018        
1.844611528822055        	0.000175998116677        
1.849624060150376        	0.000175402252010        
1.854636591478697        	0.000174809670249        
1.859649122807018        	0.000174220346858        
1.864661654135338        	0.000173634257523        
1.869674185463659        	0.000173051378157        
1.874686716791980        	0.000172471684890        
1.879699248120301        	0.000171895154075        
1.884711779448621        	0.000171321762277        
1.889724310776942        	0.000170751486278        
1.894736842105263        	0.000170184303070        
1.899749373433584        	0.000169620189857        
1.904761904761905        	0.000169059124047        
1.909774436090225        	0.000168501083255        
1.914786967418546        	0.000167946045300        
1.919799498746867        	0.000167393988201        
1.924812030075188        	0.000166844890175        
1.929824561403509        	0.000166298729638        
1.934837092731829        	0.000165755485198        
1.939849624060150        	0.000165215135657        
1.944862155388471        	0.000164677660009        
1.949874686716792        	0.000164143037436        
1.954887218045113        	0.000163611247304        
1.959899749373434        	0.000163082269168        
1.964912280701754        	0.000162556082764        
1.969924812030075        	0.000162032668008        
1.974937343358396        	0.000161512004997        
1.979949874686717        	0.000160994074004        
1.984962406015037        	0.000160478855478        
1.989974937343358        	0.000159966330042        
1.994987468671679        	0.000159456478490        
2.000000000000000        	0.000158949281787        
