#t1 = 0.025062656641604
#t2 = 0.501253132832080
#t3 = 1.253132832080200
1.000000000000000        	0.000000000000000        	0.000000000000000        		0.000000000000000        	0.000000000000000        		0.000000000000000        0.000000000000000        
1.071942446043165        	0.321309739314135        	0.302241166907997        		0.120762816233615        	0.120550430904179        		0.100981326421666        0.100927645140147        
1.143884892086331        	0.569493637749004        	0.545024519444899        		0.226072183566161        	0.225679533528562        		0.189194697215292        0.189094630786557        
1.215827338129496        	0.742543412586858        	0.724430479113540        		0.318427659330846        	0.317886059520635        		0.266844998716940        0.266705052134661        
1.287769784172662        	0.853515209319757        	0.845721704949548        		0.399777557962744        	0.399117348503057        		0.335645133672452        0.335471183431315        
1.359712230215827        	0.920065944544569        	0.920478171592511        		0.471668016576744        	0.470918292784032        		0.396946511555401        0.396743918881958        
1.431654676258993        	0.957886606358476        	0.962382936087940        		0.535346862148333        	0.534535155352686        		0.451830184931336        0.451603874854787        
1.503597122302158        	0.978461514189287        	0.983711720658636        		0.591837352135939        	0.590989300582765        		0.501171809621418        0.500926326127098        
1.575539568345324        	0.989259496781349        	0.993557669737945        		0.641991365478919        	0.641130405337882        		0.545688792803157        0.545428337123467        
1.647482014388489        	0.994759207460957        	0.997676509483899        		0.686528287185791        	0.685675386227977        		0.585975071420497        0.585703528432779        
1.719424460431655        	0.997490446415384        	0.999236948285148        		0.726063752397905        	0.725237202491253        		0.622527141787237        0.622248098089050        
1.791366906474820        	0.998817874781684        	0.999772085266478        		0.761131089757034        	0.760346368629884        		0.655763798174384        0.655480554444551        
1.863309352517986        	0.999451140587104        	0.999938145619957        		0.792197438532017        	0.791467146134249        		0.686041279262660        0.685756858838864        
1.935251798561151        	0.999748399572151        	0.999984759824029        		0.819675937535195        	0.819009807769660        		0.713665016357403        0.713382171472350        
2.007194244604317        	0.999885968976156        	0.999996593350304        		0.843934992407409        	0.843339977050009        		0.738898835187243        0.738620051944633        
2.079136690647482        	0.999948842037032        	0.999999309563102        		0.865305357035996        	0.864785775366987        		0.761972227566402        0.761699730465363        
2.151079136690647        	0.999977258215383        	0.999999873188946        		0.884085574104300        	0.883643319185649        		0.783086144558585        0.782821901164967        
2.223021582733813        	0.999989973760726        	0.999999978902325        		0.900546182996031        	0.900180973678451        		0.802417646089466        0.802163372286911        
2.294964028776978        	0.999995612833202        	0.999999996821741        		0.914933003503070        	0.914642670131630        		0.820123658179232        0.819880824300568        
2.366906474820144        	0.999998093438804        	0.999999999566614        		0.927469729778771        	0.927250521156502        		0.836344028098538        0.836113866130789        
2.438848920863309        	0.999999176639063        	0.999999999946523        		0.938360013220751        	0.938206912624719        		0.851204023030041        0.850987534998732        
2.510791366906475        	0.999999646471043        	0.999999999994030        		0.947789170364874        	0.947696209202734        		0.864816384614348        0.864614352180923        
2.582733812949640        	0.999999849008776        	0.999999999999397        		0.955925618936298        	0.955886177878277        		0.877283026863078        0.877096022110534        
2.654676258992806        	0.999999935828040        	0.999999999999945        		0.962922119514382        	0.962929208519143        		0.888696446079925        0.888524843414181        
2.726618705035971        	0.999999972850496        	0.999999999999995        		0.968916880123978        	0.968963390575980        		0.899140897044276        0.898984886100952        
2.798561151079137        	0.999999988562229        	1.000000000000000        		0.974034565248684        	0.974113489321663        		0.908693378634909        0.908552978051920        
2.870503597122302        	0.999999995200350        	1.000000000000000        		0.978387238382510        	0.978491852630172        		0.917424463473650        0.917299535368525        
2.942446043165468        	0.999999997993312        	1.000000000000000        		0.982075257628511        	0.982199269585712        		0.925398999444388        0.925289264420571        
3.014388489208633        	0.999999999163906        	1.000000000000000        		0.985188136502083        	0.985325794682026        		0.932676705644582        0.932581758142678        
3.086330935251798        	0.999999999652761        	1.000000000000000        		0.987805376593951        	0.987951545633671        		0.939312681122701        0.939232004929805        
3.158273381294964        	0.999999999856225        	1.000000000000000        		0.989997274758451        	0.990147478561300        		0.945357841397115        0.945290825129616        
3.230215827338129        	0.999999999940639        	1.000000000000000        		0.991825704735700        	0.991976141270385        		0.950859295052768        0.950805247434492        
3.302158273381295        	0.999999999975558        	1.000000000000000        		0.993344871351250        	0.993492403294901        		0.955860670529043        0.955818835296871        
3.374100719424460        	0.999999999989961        	1.000000000000000        		0.994602034456646        	0.994744160131754        		0.960402401436950        0.960371971719349        
3.446043165467626        	0.999999999995887        	1.000000000000000        		0.995638199399088        	0.995773008480084        		0.964521977292498        0.964502109322221        
3.517985611510791        	0.999999999998319        	1.000000000000000        		0.996488770883304        	0.996614889175037        		0.968254165361049        0.968243991400954        
3.589928057553957        	0.999999999999314        	1.000000000000000        		0.997184167481373        	0.997300694740511        		0.971631208324291        0.971629848704222        
3.661870503597122        	0.999999999999721        	1.000000000000000        		0.997750394645506        	0.997856838969855        		0.974683001667531        0.974689575850011        
3.733812949640288        	0.999999999999887        	1.000000000000000        		0.998209574793335        	0.998305786584942        		0.977437254009347        0.977450890621841        
3.805755395683453        	0.999999999999954        	1.000000000000000        		0.998580433792005        	0.998666541745846        		0.979919633033320        0.979939478824675        
3.877697841726619        	0.999999999999982        	1.000000000000000        		0.998878743910317        	0.998955094924312        		0.982153899212994        0.982179126910870        
3.949640287769784        	0.999999999999993        	1.000000000000000        		0.999117723995929        	0.999184828367100        		0.984162029130429        0.984191844194764        
4.021582733812950        	0.999999999999997        	1.000000000000000        		0.999308398239504        	0.999366881025696        		0.985964329862863        0.985997976147353        
4.093525179856115        	0.999999999999999        	1.000000000000000        		0.999459915392774        	0.999510474393772        		0.987579545640610        0.987616309989587        
4.165467625899280        	1.000000000000000        	1.000000000000000        		0.999579830705362        	0.999623201159596        		0.989024957753781        0.989064173575508        
4.237410071942445        	1.000000000000000        	1.000000000000000        		0.999674353135737        	0.999711278942085        		0.990316478498496        0.990357528367750        
4.309352517985611        	1.000000000000000        	1.000000000000000        		0.999748560580184        	0.999779771637414        		0.991468739799166        0.991511057151778        
4.381294964028777        	1.000000000000000        	1.000000000000000        		0.999806585959566        	0.999832781063977        		0.992495177016978        0.992538247006930        
4.453237410071942        	1.000000000000000        	1.000000000000000        		0.999851777018604        	0.999873611666507        		0.993408108351792        0.993451467947385        
4.525179856115107        	1.000000000000000        	1.000000000000000        		0.999886832639679        	0.999904911036955        		0.994218810161663        0.994262047561301        
4.597122302158273        	1.000000000000000        	1.000000000000000        		0.999913918366039        	0.999928788943082        		0.994937588457910        0.994980341908334        
4.669064748201439        	1.000000000000000        	1.000000000000000        		0.999934763680892        	0.999946917438599        		0.995573846781617        0.995615802881971        
4.741007194244604        	1.000000000000000        	1.000000000000000        		0.999950743411290        	0.999960614473760        		0.996136150627155        0.996177042201373        
4.812949640287769        	1.000000000000000        	1.000000000000000        		0.999962945429544        	0.999970913244152        		0.996632288547979        0.996671892165704        
4.884892086330935        	1.000000000000000        	1.000000000000000        		0.999972226619664        	0.999978619318325        		0.997069330057663        0.997107463280483        
4.956834532374101        	1.000000000000000        	1.000000000000000        		0.999979258869354        	0.999984357380835        		0.997453680423577        0.997490198848985        
5.028776978417266        	1.000000000000000        	1.000000000000000        		0.999984566645775        	0.999988609223407        		0.997791132440344        0.997825926610640        
5.100719424460431        	1.000000000000000        	1.000000000000000        		0.999988557520000        	0.999991744419090        		0.998086915264232        0.998119907501827        
5.172661870503597        	1.000000000000000        	1.000000000000000        		0.999991546824287        	0.999994044926772        		0.998345740386904        0.998376881611292        
5.244604316546763        	1.000000000000000        	1.000000000000000        		0.999993777460043        	0.999995724699288        		0.998571844826711        0.998601111401960        
5.316546762589928        	1.000000000000000        	1.000000000000000        		0.999995435723830        	0.999996945209399        		0.998769031617215        0.998796422272288        
5.388489208633093        	1.000000000000000        	1.000000000000000        		0.999996663884358        	0.999997827665230        		0.998940707675353        0.998966240533089        
5.460431654676259        	1.000000000000000        	1.000000000000000        		0.999997570124938        	0.999998462560342        		0.999089919135032        0.999113628879314        
5.532374100719425        	1.000000000000000        	1.000000000000000        		0.999998236362557        	0.999998917093199        		0.999219384235703        0.999241319440287        
5.604316546762590        	1.000000000000000        	1.000000000000000        		0.999998724365698        	0.999999240895480        		0.999331523859142        0.999351744495911        
5.676258992805755        	1.000000000000000        	1.000000000000000        		0.999999080517015        	0.999999470427360        		0.999428489811138        0.999447064950295        
5.748201438848921        	1.000000000000000        	1.000000000000000        		0.999999339502670        	0.999999632329246        		0.999512190947801        0.999529196657699        
5.820143884892087        	1.000000000000000        	1.000000000000000        		0.999999527156272        	0.999999745962125        		0.999584317248658        0.999599834698652        
5.892086330935252        	1.000000000000000        	1.000000000000000        		0.999999662640595        	0.999999825321245        		0.999646361940473        0.999660475706408        
5.964028776978417        	1.000000000000000        	1.000000000000000        		0.999999760113313        	0.999999880469028        		0.999699641776799        0.999712438345491        
6.035971223021583        	1.000000000000000        	1.000000000000000        		0.999999829992849        	0.999999918601539        		0.999745315578617        0.999756882044921        
6.107913669064748        	1.000000000000000        	1.000000000000000        		0.999999879915874        	0.999999944837483        		0.999784401141015        0.999794824088856        
6.179856115107913        	1.000000000000000        	1.000000000000000        		0.999999915458280        	0.999999962798457        		0.999817790609794        0.999827155166760        
6.251798561151078        	1.000000000000000        	1.000000000000000        		0.999999940675596        	0.999999975033147        		0.999846264430141        0.999854653483904        
6.323741007194244        	1.000000000000000        	1.000000000000000        		0.999999958506287        	0.999999983325620        		0.999870503967211        0.999877997531119        
6.395683453237410        	1.000000000000000        	1.000000000000000        		0.999999971071384        	0.999999988918060        		0.999891102895567        0.999897777610216        
6.467625899280575        	1.000000000000000        	1.000000000000000        		0.999999979896146        	0.999999992670753        		0.999908577451177        0.999914506208497        
6.539568345323740        	1.000000000000000        	1.000000000000000        		0.999999986073335        	0.999999995176329        		0.999923375635921        0.999928627312377        
6.611510791366906        	1.000000000000000        	1.000000000000000        		0.999999990382970        	0.999999996840864        		0.999935885460586        0.999940524746381        
6.683453237410072        	1.000000000000000        	1.000000000000000        		0.999999993379805        	0.999999997941131        		0.999946442308098        0.999950529619697        
6.755395683453237        	1.000000000000000        	1.000000000000000        		0.999999995456962        	0.999999998664769        		0.999955335494292        0.999958926958258        
6.827338129496402        	1.000000000000000        	1.000000000000000        		0.999999996892024        	0.999999999138314        		0.999962814099032        0.999965961595889        
6.899280575539568        	1.000000000000000        	1.000000000000000        		0.999999997880299        	0.999999999446644        		0.999969092135926        0.999971843393583        
6.971223021582734        	1.000000000000000        	1.000000000000000        		0.999999998558725        	0.999999999646393        		0.999974353124281        0.999976751851466        
7.043165467625899        	1.000000000000000        	1.000000000000000        		0.999999999022978        	0.999999999775149        		0.999978754122490        0.999980840173535        
7.115107913669064        	1.000000000000000        	1.000000000000000        		0.999999999339676        	0.999999999857726        		0.999982429277561        0.999984238840808        
7.187050359712230        	1.000000000000000        	1.000000000000000        		0.999999999555047        	0.999999999910420        		0.999985492941256        0.999987058744263        
7.258992805755396        	1.000000000000000        	1.000000000000000        		0.999999999701059        	0.999999999943876        		0.999988042399134        0.999989393924734        
7.330935251798561        	1.000000000000000        	1.000000000000000        		0.999999999799746        	0.999999999965011        		0.999990160254840        0.999991323962959        
7.402877697841726        	1.000000000000000        	1.000000000000000        		0.999999999866245        	0.999999999978294        		0.999991916508233        0.999992916059129        
7.474820143884892        	1.000000000000000        	1.000000000000000        		0.999999999910920        	0.999999999986601        		0.999993370362350        0.999994226837708        
7.546762589928058        	1.000000000000000        	1.000000000000000        		0.999999999940843        	0.999999999991770        		0.999994571790908        0.999995303909847        
7.618705035971223        	1.000000000000000        	1.000000000000000        		0.999999999960827        	0.999999999994970        		0.999995562894860        0.999996187222550        
7.690647482014388        	1.000000000000000        	1.000000000000000        		0.999999999974133        	0.999999999996941        		0.999996379073686        0.999996910220788        
7.762589928057554        	1.000000000000000        	1.000000000000000        		0.999999999982968        	0.999999999998149        		0.999997050034368        0.999997500845979        
7.834532374100720        	1.000000000000000        	1.000000000000000        		0.999999999988817        	0.999999999998885        		0.999997600658534        0.999997982391763        
7.906474820143885        	1.000000000000000        	1.000000000000000        		0.999999999992677        	0.999999999999332        		0.999998051746017        0.999998374235632        
7.978417266187050        	1.000000000000000        	1.000000000000000        		0.999999999995218        	0.999999999999602        		0.999998420650986        0.999998692462887        
8.050359712230215        	1.000000000000000        	1.000000000000000        		0.999999999996887        	0.999999999999764        		0.999998721824933        0.999998950397460        
8.122302158273381        	1.000000000000000        	1.000000000000000        		0.999999999997978        	0.999999999999861        		0.999998967279124        0.999999159052401        
8.194244604316546        	1.000000000000000        	1.000000000000000        		0.999999999998691        	0.999999999999918        		0.999999166977570        0.999999327511240        
8.266187050359711        	1.000000000000000        	1.000000000000000        		0.999999999999155        	0.999999999999952        		0.999999329170220        0.999999463250059        
8.338129496402878        	1.000000000000000        	1.000000000000000        		0.999999999999456        	0.999999999999972        		0.999999460674836        0.999999572408821        
8.410071942446043        	1.000000000000000        	1.000000000000000        		0.999999999999651        	0.999999999999984        		0.999999567114944        0.999999660019405        
8.482014388489208        	1.000000000000000        	1.000000000000000        		0.999999999999776        	0.999999999999991        		0.999999653120255        0.999999730196791        
8.553956834532373        	1.000000000000000        	1.000000000000000        		0.999999999999857        	0.999999999999995        		0.999999722495107        0.999999786298960        
8.625899280575538        	1.000000000000000        	1.000000000000000        		0.999999999999909        	0.999999999999997        		0.999999778359742        0.999999831060314        
8.697841726618705        	1.000000000000000        	1.000000000000000        		0.999999999999943        	0.999999999999998        		0.999999823268516        0.999999866702730        
8.769784172661870        	1.000000000000000        	1.000000000000000        		0.999999999999964        	0.999999999999999        		0.999999859308621        0.999999895027780        
8.841726618705035        	1.000000000000000        	1.000000000000000        		0.999999999999978        	0.999999999999999        		0.999999888182348        0.999999917493131        
8.913669064748202        	1.000000000000000        	1.000000000000000        		0.999999999999986        	1.000000000000000        		0.999999911275486        0.999999935275679        
8.985611510791367        	1.000000000000000        	1.000000000000000        		0.999999999999992        	1.000000000000000        		0.999999929714076        0.999999949323611        
9.057553956834532        	1.000000000000000        	1.000000000000000        		0.999999999999995        	1.000000000000000        		0.999999944411409        0.999999960399224        
9.129496402877697        	1.000000000000000        	1.000000000000000        		0.999999999999997        	1.000000000000000        		0.999999956106858        0.999999969114066        
9.201438848920862        	1.000000000000000        	1.000000000000000        		0.999999999999998        	1.000000000000000        		0.999999965397894        0.999999975957705        
9.273381294964029        	1.000000000000000        	1.000000000000000        		0.999999999999999        	1.000000000000000        		0.999999972766442        0.999999981321222        
9.345323741007194        	1.000000000000000        	1.000000000000000        		1.000000000000000        	1.000000000000000        		0.999999978600512        0.999999985516368        
9.417266187050359        	1.000000000000000        	1.000000000000000        		1.000000000000000        	1.000000000000000        		0.999999983211937        0.999999988791119        
9.489208633093526        	1.000000000000000        	1.000000000000000        		1.000000000000000        	1.000000000000000        		0.999999986850868        0.999999991342311        
9.561151079136691        	1.000000000000000        	1.000000000000000        		1.000000000000000        	1.000000000000000        		0.999999989717619        0.999999993325852        
9.633093525179856        	1.000000000000000        	1.000000000000000        		1.000000000000000        	1.000000000000000        		0.999999991972302        0.999999994864968        
9.705035971223021        	1.000000000000000        	1.000000000000000        		1.000000000000000        	1.000000000000000        		0.999999993742666        0.999999996056851        
9.776978417266186        	1.000000000000000        	1.000000000000000        		1.000000000000000        	1.000000000000000        		0.999999995130461        0.999999996977994        
9.848920863309353        	1.000000000000000        	1.000000000000000        		1.000000000000000        	1.000000000000000        		0.999999996216579        0.999999997688475        
9.920863309352518        	1.000000000000000        	1.000000000000000        		1.000000000000000        	1.000000000000000        		0.999999997065222        0.999999998235375        
9.992805755395683        	1.000000000000000        	1.000000000000000        		1.000000000000000        	1.000000000000000        		0.999999997727252        0.999999998655513        
10.064748201438849       	1.000000000000000        	1.000000000000000        		1.000000000000000        	1.000000000000000        		0.999999998242897        0.999999998977626        
10.136690647482014       	1.000000000000000        	1.000000000000000        		1.000000000000000        	1.000000000000000        		0.999999998643917        0.999999999224090        
10.208633093525179       	1.000000000000000        	1.000000000000000        		1.000000000000000        	1.000000000000000        		0.999999998955349        0.999999999412292        
10.280575539568344       	1.000000000000000        	1.000000000000000        		1.000000000000000        	1.000000000000000        		0.999999999196899        0.999999999555718        
10.352517985611509       	1.000000000000000        	1.000000000000000        		1.000000000000000        	1.000000000000000        		0.999999999384052        0.999999999664801        
10.424460431654676       	1.000000000000000        	1.000000000000000        		1.000000000000000        	1.000000000000000        		0.999999999528968        0.999999999747598        
10.496402877697841       	1.000000000000000        	1.000000000000000        		1.000000000000000        	1.000000000000000        		0.999999999641182        0.999999999810317        
10.568345323741006       	1.000000000000000        	1.000000000000000        		1.000000000000000        	1.000000000000000        		0.999999999728171        0.999999999857731        
10.640287769784173       	1.000000000000000        	1.000000000000000        		1.000000000000000        	1.000000000000000        		0.999999999795805        0.999999999893504        
10.712230215827338       	1.000000000000000        	1.000000000000000        		1.000000000000000        	1.000000000000000        		0.999999999848697        0.999999999920438        
10.784172661870503       	1.000000000000000        	1.000000000000000        		1.000000000000000        	1.000000000000000        		0.999999999890495        0.999999999940678        
10.856115107913668       	1.000000000000000        	1.000000000000000        		1.000000000000000        	1.000000000000000        		0.999999999924100        0.999999999955856        
10.928057553956833       	1.000000000000000        	1.000000000000000        		1.000000000000000        	1.000000000000000        		0.999999999951858        0.999999999967215        
11.000000000000000       	1.000000000000000        	1.000000000000000        		1.000000000000000        	1.000000000000000        		0.999999999975700        0.999999999975700        
